001,002,003,004,005,006,008,009
0.2282926829268293,0.2760975609756098,0.0575609756097561,0.08292682926829269,0.09365853658536584,0.1297560975609756,0.000975609756097561,0.13073170731707318
2.0,,,,,,,
0.2697201017811705,0.11195928753180663,0.13231552162849872,0.06870229007633588,0.15776081424936386,0.18320610687022887,0.0737913486005089,0.002544529262086514
0.135678391959799,0.3417085427135678,0.035175879396984924,0.17587939698492466,0.005025125628140704,0.010050251256281407,0.010050251256281407,0.2864321608040201
0.09394572025052192,0.1210855949895616,0.0020876826722338203,0.1336116910229645,0.17536534446764093,0.1544885177453027,0.1440501043841336,0.17536534446764093
0.2119205298013245,0.11258278145695363,0.08609271523178808,0.006622516556291391,0.046357615894039736,0.2913907284768212,0.09933774834437084,0.1456953642384106
0.26277372262773724,0.12165450121654504,0.12652068126520682,0.07542579075425791,0.1605839416058394,0.17518248175182485,0.07542579075425791,0.0024330900243309003
0.1457286432160804,0.36683417085427134,0.02010050251256281,0.1708542713567839,0.010050251256281407,0.005025125628140704,0.01507537688442211,0.2663316582914573
0.10436432637571158,0.12333965844402275,0.00189753320683112,0.1366223908918406,0.17267552182163187,0.14800759013282733,0.1461100569259962,0.16698292220113853
0.2283464566929134,0.09448818897637797,0.07086614173228346,0.007874015748031496,0.031496062992125984,0.2913385826771653,0.11023622047244094,0.16535433070866146
0.25754060324825984,0.12064965197215775,0.12761020881670534,0.07888631090487239,0.15777262180974475,0.18097447795823665,0.07424593967517401,0.002320185614849188
0.14285714285714285,0.3548387096774194,0.004608294930875576,0.17511520737327188,0.009216589861751152,0.02304147465437788,0.03225806451612903,0.25806451612903225
0.09980430528375732,0.13307240704500978,0.0019569471624266144,0.1350293542074364,0.17221135029354204,0.1487279843444227,0.14285714285714285,0.16634050880626222
0.2222222222222222,0.1037037037037037,0.02962962962962963,0.007407407407407408,0.05185185185185185,0.2962962962962963,0.1259259259259259,0.16296296296296298
0.25307125307125306,0.12530712530712532,0.13513513513513514,0.06633906633906632,0.1597051597051597,0.171990171990172,0.085995085995086,0.002457002457002457
0.15859030837004404,0.3392070484581498,0.01762114537444934,0.16299559471365638,0.004405286343612335,0.030837004405286344,0.03524229074889868,0.2511013215859031
0.10176125244618396,0.12524461839530332,0.0019569471624266144,0.14285714285714285,0.17221135029354204,0.14285714285714285,0.14677103718199608,0.16634050880626222
0.2307692307692308,0.1048951048951049,0.02797202797202797,0.006993006993006993,0.04195804195804196,0.2867132867132867,0.13286713286713284,0.16783216783216784
0.24105011933174225,0.1288782816229117,0.13842482100238662,0.05966587112171836,0.1575178997613365,0.1766109785202864,0.0954653937947494,0.002386634844868735
0.16299559471365638,0.3392070484581498,0.022026431718061675,0.15859030837004404,0.004405286343612335,0.02643171806167401,0.039647577092511016,0.24669603524229075
0.110912343470483,0.12701252236135954,0.0017889087656529515,0.13416815742397134,0.17531305903398928,0.14669051878354206,0.1413237924865832,0.16279069767441862
0.2519685039370079,0.08661417322834647,0.007874015748031496,0.007874015748031496,0.03937007874015748,0.2755905511811024,0.14960629921259844,0.1811023622047244
0.1643835616438356,0.3515981735159817,0.0228310502283105,0.1415525114155251,0.0045662100456621,0.0182648401826484,0.0365296803652968,0.2602739726027397
0.2481012658227848,0.1240506329113924,0.14430379746835442,0.05569620253164557,0.1620253164556962,0.17721518987341772,0.08607594936708861,0.002531645569620253
0.10912343470483003,0.1252236135957066,0.0017889087656529515,0.13595706618962433,0.1771019677996422,0.1449016100178891,0.1449016100178891,0.16100178890876565
0.2327044025157233,0.09433962264150944,0.006289308176100629,0.0440251572327044,0.06918238993710693,0.2578616352201258,0.1509433962264151,0.14465408805031446
0.17733990147783252,0.374384236453202,0.0049261083743842365,0.1330049261083744,0.0049261083743842365,0.0049261083743842365,0.019704433497536943,0.2807881773399015
0.2520107238605898,0.1260053619302949,0.128686327077748,0.05361930294906166,0.16353887399463807,0.18498659517426275,0.08847184986595175,0.0026809651474530827
0.09945750452079566,0.1301989150090416,0.0018083182640144665,0.13743218806509944,0.17721518987341772,0.14285714285714285,0.14828209764918626,0.16274864376130202
0.2211055276381909,0.09045226130653268,0.005025125628140704,0.06532663316582915,0.08040201005025126,0.2462311557788945,0.15577889447236182,0.135678391959799
0.18357487922705315,0.35748792270531393,0.004830917874396135,0.12560386473429952,0.024154589371980683,0.014492753623188406,0.01932367149758454,0.2705314009661836
0.26301369863013696,0.12602739726027398,0.12602739726027398,0.046575342465753435,0.1643835616438356,0.18904109589041096,0.0821917808219178,0.0027397260273972607
0.10275229357798166,0.13394495412844035,0.0018348623853211008,0.13394495412844035,0.1834862385321101,0.13577981651376148,0.14678899082568808,0.1614678899082569
0.2017937219730941,0.09865470852017937,0.004484304932735426,0.08968609865470853,0.06726457399103139,0.2466367713004484,0.14349775784753366,0.14798206278026907
0.18834080717488788,0.34977578475336324,0.02690582959641256,0.1210762331838565,0.004484304932735426,0.01345291479820628,0.035874439461883414,0.2600896860986547
0.1017274472168906,0.1381957773512476,0.001919385796545105,0.13051823416506714,0.19385796545105569,0.1343570057581574,0.1401151631477927,0.15930902111324374
0.18840579710144928,0.09178743961352658,0.004830917874396135,0.10144927536231883,0.05797101449275361,0.2705314009661836,0.14492753623188406,0.14009661835748793
0.27019498607242337,0.12256267409470753,0.1309192200557103,0.05013927576601671,0.1615598885793872,0.18384401114206128,0.07799442896935932,0.0027855153203342627
0.18834080717488788,0.3542600896860987,0.03139013452914798,0.1210762331838565,0.004484304932735426,0.01345291479820628,0.03139013452914798,0.2556053811659193
0.1042830540037244,0.1378026070763501,0.00186219739292365,0.13594040968342644,0.19925512104283047,0.12849162011173185,0.13594040968342644,0.1564245810055866
0.17486338797814208,0.08743169398907104,0.00546448087431694,0.11475409836065575,0.0546448087431694,0.27322404371584696,0.14207650273224046,0.14754098360655735
0.26370757180156656,0.12532637075718014,0.13315926892950392,0.06266318537859007,0.14882506527415146,0.185378590078329,0.0783289817232376,0.0026109660574412533
0.1862348178137652,0.32388663967611336,0.03643724696356275,0.11740890688259108,0.004048582995951417,0.03643724696356275,0.044534412955465584,0.25101214574898784
0.10849909584086803,0.12839059674502712,0.0018083182640144665,0.13924050632911392,0.2007233273056058,0.13200723327305605,0.13200723327305605,0.15732368896925858
0.16908212560386476,0.10144927536231883,0.004830917874396135,0.10628019323671498,0.07246376811594203,0.25120772946859904,0.15942028985507245,0.13526570048309178
0.2788732394366197,0.1295774647887324,0.1352112676056338,0.05352112676056338,0.15492957746478872,0.18028169014084508,0.0647887323943662,0.0028169014084507052
0.196652719665272,0.3305439330543933,0.02510460251046025,0.11715481171548114,0.0041841004184100415,0.03347280334728033,0.0502092050209205,0.2426778242677824
0.11091854419410743,0.13344887348353554,0.0017331022530329284,0.1369150779896014,0.19584055459272096,0.1317157712305026,0.13344887348353554,0.1559792027729636
0.17587939698492466,0.10552763819095476,0.005025125628140704,0.12060301507537688,0.07537688442211055,0.24120603015075376,0.1407035175879397,0.135678391959799
0.2920353982300885,0.13274336283185842,0.13864306784660768,0.038348082595870206,0.1504424778761062,0.1828908554572272,0.06194690265486725,0.002949852507374631
0.19011406844106465,0.3003802281368821,0.030418250950570342,0.12547528517110265,0.0038022813688212928,0.053231939163498096,0.053231939163498096,0.24334600760456274
0.1074523396880416,0.12824956672443674,0.0017331022530329284,0.14211438474870014,0.19930675909878684,0.13518197573656845,0.1265164644714038,0.15944540727902945
0.18285714285714288,0.12,0.005714285714285714,0.10285714285714287,0.06857142857142857,0.2457142857142857,0.14857142857142858,0.12571428571428572
0.30383480825958703,0.1415929203539823,0.1415929203539823,0.02654867256637168,0.14454277286135694,0.17699115044247787,0.06194690265486725,0.002949852507374631
0.194331983805668,0.31983805668016196,0.032388663967611336,0.1214574898785425,0.004048582995951417,0.03643724696356275,0.048582995951417005,0.242914979757085
0.10720562390158173,0.1335676625659051,0.0017574692442882249,0.14235500878734622,0.1968365553602812,0.13884007029876974,0.12126537785588752,0.15817223198594024
0.193717277486911,0.13089005235602094,0.005235602094240838,0.1099476439790576,0.06806282722513089,0.2356020942408377,0.14659685863874344,0.1099476439790576
0.1862348178137652,0.319838056680162,0.02834008097165992,0.1214574898785425,0.004048582995951417,0.04048582995951417,0.05263157894736842,0.24696356275303644
0.29971181556195964,0.14697406340057634,0.14697406340057634,0.03746397694524496,0.138328530259366,0.1729106628242075,0.054755043227665716,0.002881844380403458
0.1180679785330948,0.13416815742397134,0.0017889087656529515,0.13774597495527727,0.19856887298747766,0.12701252236135954,0.12164579606440072,0.16100178890876565
0.2057142857142857,0.14285714285714285,0.005714285714285714,0.10285714285714287,0.07428571428571429,0.24,0.16,0.06857142857142857
0.19047619047619047,0.3549783549783549,0.025974025974025976,0.10822510822510822,0.004329004329004329,0.030303030303030307,0.047619047619047616,0.2380952380952381
0.31085043988269795,0.14076246334310852,0.1378299120234604,0.04105571847507331,0.1378299120234604,0.17595307917888564,0.05278592375366569,0.0029325513196480947
0.11376146788990825,0.13211009174311927,0.0018348623853211008,0.14128440366972478,0.2018348623853211,0.12844036697247707,0.11559633027522935,0.1651376146788991
0.2138364779874214,0.12578616352201258,0.006289308176100629,0.0880503144654088,0.08176100628930817,0.2389937106918239,0.18238993710691825,0.06289308176100629
0.19215686274509805,0.33725490196078434,0.0392156862745098,0.10980392156862744,0.0039215686274509795,0.0392156862745098,0.05882352941176471,0.2196078431372549
0.3241590214067278,0.13761467889908258,0.12232415902140673,0.048929663608562685,0.14678899082568808,0.16819571865443425,0.048929663608562685,0.003058103975535168
0.12255772646536413,0.1349911190053286,0.0017761989342806395,0.14031971580817051,0.1989342806394316,0.12255772646536413,0.1172291296625222,0.16163410301953818
0.21714285714285714,0.15428571428571428,0.005714285714285714,0.08,0.08,0.21142857142857144,0.18857142857142856,0.06285714285714286
0.1977186311787072,0.311787072243346,0.049429657794676805,0.12167300380228135,0.0038022813688212928,0.04562737642585552,0.060836501901140684,0.20912547528517111
0.32398753894080995,0.14018691588785046,0.1277258566978193,0.04672897196261682,0.14953271028037382,0.16822429906542055,0.04049844236760125,0.003115264797507788
0.1192504258943782,0.141396933560477,0.0017035775127768314,0.14480408858603067,0.19250425894378195,0.11754684838160134,0.11754684838160134,0.16524701873935266
0.22404371584699453,0.15300546448087432,0.00546448087431694,0.07650273224043716,0.07103825136612021,0.2185792349726776,0.19672131147540986,0.0546448087431694
0.16470588235294115,0.3333333333333333,0.05098039215686274,0.13725490196078433,0.0039215686274509795,0.043137254901960784,0.06666666666666668,0.2
0.11558669001751315,0.14010507880910686,0.0017513134851138356,0.148861646234676,0.19089316987740806,0.1138353765323993,0.12084063047285465,0.1681260945709282
0.32,0.1476923076923077,0.13538461538461538,0.030769230769230767,0.15384615384615385,0.16307692307692306,0.04615384615384616,0.003076923076923077
0.1991341991341992,0.15151515151515152,0.004329004329004329,0.07792207792207792,0.08658008658008658,0.21212121212121213,0.18181818181818185,0.08658008658008658
0.1646586345381526,0.3333333333333333,0.04819277108433735,0.13654618473895586,0.004016064257028112,0.04016064257028112,0.060240963855421686,0.21285140562249
0.1172291296625222,0.13854351687388988,0.0017761989342806395,0.15630550621669628,0.1882770870337478,0.11012433392539964,0.11900532859680285,0.16873889875666073
0.3268608414239482,0.15857605177993528,0.1197411003236246,0.029126213592233014,0.1488673139158576,0.1715210355987055,0.042071197411003236,0.0032362459546925572
0.20346320346320346,0.1471861471861472,0.004329004329004329,0.06926406926406926,0.08658008658008658,0.1948051948051948,0.19047619047619047,0.1038961038961039
0.19047619047619047,0.3549783549783549,0.03896103896103896,0.1341991341991342,0.004329004329004329,0.030303030303030307,0.04329004329004329,0.20346320346320346
0.11917098445595856,0.14162348877374786,0.0017271157167530224,0.15716753022452504,0.18134715025906736,0.11226252158894648,0.1157167530224525,0.17098445595854922
0.3074433656957929,0.1715210355987055,0.11326860841423947,0.025889967637540454,0.15210355987055016,0.18446601941747573,0.042071197411003236,0.0032362459546925572
0.1991341991341992,0.14285714285714285,0.004329004329004329,0.07792207792207792,0.07792207792207792,0.1991341991341992,0.2077922077922078,0.09090909090909093
0.18604651162790686,0.3767441860465116,0.0372093023255814,0.11627906976744184,0.004651162790697674,0.013953488372093023,0.04186046511627907,0.2232558139534884
0.11531531531531533,0.13873873873873874,0.0018018018018018016,0.15855855855855855,0.1837837837837838,0.10810810810810813,0.12072072072072072,0.17297297297297298
0.3288135593220339,0.17627118644067796,0.1152542372881356,0.013559322033898305,0.15932203389830507,0.17627118644067796,0.02711864406779661,0.003389830508474576
0.17674418604651165,0.3767441860465116,0.027906976744186046,0.13023255813953488,0.004651162790697674,0.004651162790697674,0.05116279069767442,0.2279069767441861
0.19838056680161945,0.15789473684210525,0.004048582995951417,0.08097165991902834,0.08502024291497975,0.1902834008097166,0.1862348178137652,0.097165991902834
0.11518324607329845,0.13961605584642234,0.0017452006980802793,0.16055846422338568,0.18150087260034906,0.1099476439790576,0.11518324607329845,0.1762652705061082
0.1624548736462094,0.3393501805054152,0.04332129963898917,0.13357400722021662,0.0036101083032490976,0.03971119133574008,0.06859205776173287,0.2093862815884477
0.3222591362126246,0.17940199335548174,0.11627906976744184,0.02325581395348837,0.14950166112956811,0.17275747508305647,0.03322259136212625,0.003322259136212625
0.18614718614718606,0.16017316017316016,0.004329004329004329,0.09090909090909093,0.060606060606060615,0.19047619047619047,0.1991341991341992,0.10822510822510822
0.1128747795414462,0.14285714285714285,0.001763668430335097,0.16402116402116398,0.1746031746031746,0.1111111111111111,0.1128747795414462,0.17989417989417988
0.1691842900302115,0.3172205438066465,0.0513595166163142,0.13595166163141995,0.0030211480362537764,0.04531722054380664,0.08459214501510574,0.1933534743202417
0.17490494296577944,0.16730038022813687,0.0038022813688212928,0.08745247148288972,0.07224334600760456,0.17870722433460076,0.20152091254752846,0.1140684410646388
0.31076923076923074,0.17846153846153845,0.12,0.033846153846153845,0.15692307692307692,0.16615384615384615,0.030769230769230767,0.003076923076923077
0.11304347826086955,0.1391304347826087,0.0017391304347826088,0.16521739130434782,0.17391304347826084,0.1182608695652174,0.10956521739130434,0.1791304347826087
0.15789473684210525,0.3250773993808049,0.05263157894736842,0.12693498452012386,0.0030959752321981426,0.04643962848297214,0.08668730650154799,0.20123839009287925
0.17921146953405018,0.16487455197132614,0.003584229390681004,0.1003584229390681,0.06810035842293907,0.16487455197132614,0.2007168458781362,0.11827956989247312
0.3169230769230769,0.1723076923076923,0.11076923076923076,0.04,0.15384615384615385,0.16923076923076924,0.033846153846153845,0.003076923076923077
0.11586452762923352,0.1408199643493761,0.0017825311942959,0.1622103386809269,0.1711229946524064,0.12477718360071302,0.10873440285204992,0.1746880570409982
0.14641744548286606,0.3364485981308411,0.037383177570093455,0.1308411214953271,0.003115264797507788,0.04672897196261682,0.09034267912772584,0.2087227414330218
0.17921146953405018,0.1720430107526882,0.003584229390681004,0.10752688172043012,0.07526881720430108,0.16129032258064516,0.1971326164874552,0.1039426523297491
0.3211009174311927,0.16819571865443425,0.10397553516819573,0.04281345565749235,0.1559633027522936,0.17737003058103976,0.027522935779816515,0.003058103975535168
0.11882998171846434,0.14076782449725778,0.0018281535648994515,0.16087751371115175,0.16453382084095064,0.12979890310786105,0.10786106032906764,0.17550274223034734
0.15737704918032788,0.3344262295081967,0.02950819672131148,0.12459016393442625,0.003278688524590164,0.03934426229508197,0.0918032786885246,0.2196721311475409
0.16487455197132614,0.1720430107526882,0.003584229390681004,0.12186379928315412,0.07885304659498207,0.15412186379928314,0.1971326164874552,0.10752688172043012
0.11926605504587155,0.14128440366972478,0.0018348623853211008,0.1614678899082569,0.1651376146788991,0.12660550458715594,0.10458715596330276,0.1798165137614679
0.3389830508474576,0.17966101694915254,0.10847457627118644,0.01694915254237288,0.15254237288135594,0.18983050847457628,0.010169491525423728,0.003389830508474576
0.1513353115727003,0.3175074183976261,0.04747774480712166,0.13056379821958458,0.002967359050445104,0.04747774480712166,0.09495548961424333,0.20771513353115728
0.16731517509727625,0.17898832684824906,0.003891050583657589,0.13229571984435798,0.05447470817120623,0.16731517509727625,0.20233463035019456,0.0933852140077821
0.12078152753108347,0.14209591474245115,0.0017761989342806395,0.15985790408525755,0.16518650088809947,0.12788632326820604,0.10479573712255773,0.17761989342806395
0.33663366336633666,0.1848184818481848,0.099009900990099,0.026402640264026403,0.15181518151815182,0.1848184818481848,0.0132013201320132,0.0033003300330033004
0.1580547112462006,0.3191489361702128,0.03343465045592705,0.1398176291793313,0.00303951367781155,0.0547112462006079,0.0851063829787234,0.2066869300911854
0.17695473251028807,0.1893004115226337,0.00411522633744856,0.1111111111111111,0.04938271604938271,0.1646090534979424,0.20164609053497945,0.102880658436214
0.11858407079646018,0.1433628318584071,0.001769911504424779,0.15752212389380532,0.1663716814159292,0.12743362831858407,0.10265486725663717,0.18230088495575225
0.3505154639175257,0.17869415807560138,0.09965635738831616,0.024054982817869417,0.15120274914089346,0.18213058419243985,0.010309278350515464,0.003436426116838488
0.16519174041297935,0.30678466076696165,0.04129793510324484,0.13274336283185842,0.002949852507374631,0.056047197640117986,0.0943952802359882,0.20058997050147487
0.17374517374517376,0.16988416988416988,0.003861003861003861,0.11969111969111967,0.0694980694980695,0.16216216216216214,0.2007722007722008,0.10038610038610038
0.1168141592920354,0.14690265486725665,0.001769911504424779,0.15575221238938053,0.16814159292035402,0.12212389380530972,0.10265486725663717,0.18584070796460173
0.17027863777089786,0.30959752321981426,0.030959752321981424,0.13622291021671826,0.0030959752321981426,0.04953560371517028,0.1021671826625387,0.19814241486068115
0.3620071684587813,0.16845878136200718,0.1039426523297491,0.017921146953405017,0.15412186379928314,0.1827956989247312,0.003584229390681004,0.007168458781362006
0.11858407079646018,0.1504424778761062,0.001769911504424779,0.15752212389380532,0.16814159292035402,0.12212389380530972,0.0991150442477876,0.18230088495575225
0.1506849315068493,0.1872146118721461,0.0045662100456621,0.1141552511415525,0.0776255707762557,0.1643835616438356,0.2237442922374429,0.0776255707762557
0.16012084592145015,0.3081570996978852,0.033232628398791535,0.13293051359516614,0.0030211480362537764,0.0634441087613293,0.10574018126888217,0.1933534743202417
0.3300970873786408,0.1715210355987055,0.10355987055016183,0.032362459546925564,0.1488673139158576,0.19093851132686085,0.0032362459546925572,0.019417475728155338
0.1153184165232358,0.1566265060240964,0.0017211703958691911,0.1549053356282272,0.1703958691910499,0.12220309810671255,0.10154905335628228,0.17728055077452667
0.14349775784753366,0.18385650224215247,0.004484304932735426,0.1210762331838565,0.08968609865470853,0.16591928251121074,0.21076233183856505,0.08071748878923768
0.15273775216138327,0.29971181556195964,0.04322766570605188,0.14121037463976946,0.002881844380403458,0.07204610951008646,0.1037463976945245,0.1844380403458213
0.3468013468013468,0.18855218855218853,0.09427609427609428,0.020202020202020204,0.1447811447811448,0.18181818181818185,0.003367003367003368,0.020202020202020204
0.11187607573149742,0.1549053356282272,0.0017211703958691911,0.1549053356282272,0.16523235800344235,0.12908777969018936,0.10499139414802064,0.17728055077452667
0.16143497757847533,0.18385650224215247,0.004484304932735426,0.10762331838565024,0.09865470852017937,0.17040358744394618,0.2017937219730941,0.07174887892376683
0.14803625377643506,0.3021148036253776,0.048338368580060416,0.13897280966767372,0.0030211480362537764,0.060422960725075525,0.10876132930513596,0.1903323262839879
0.3629893238434164,0.18861209964412806,0.08185053380782918,0.010676156583629894,0.1494661921708185,0.18861209964412806,0.0035587188612099642,0.014234875444839857
0.117039586919105,0.15834767641996558,0.0017211703958691911,0.14802065404475045,0.16179001721170394,0.1342512908777969,0.0963855421686747,0.18244406196213425
0.15246636771300448,0.19282511210762326,0.004484304932735426,0.10762331838565024,0.08968609865470853,0.17040358744394618,0.2152466367713005,0.06726457399103139
0.16181229773462782,0.313915857605178,0.042071197411003236,0.13268608414239486,0.0032362459546925572,0.051779935275080916,0.10679611650485436,0.18770226537216828
0.1183533447684391,0.16123499142367068,0.0017152658662092624,0.1509433962264151,0.1595197255574614,0.13379073756432247,0.09090909090909093,0.1835334476843911
0.3719298245614035,0.18947368421052632,0.09473684210526316,0.010526315789473684,0.14385964912280702,0.17192982456140352,0.003508771929824561,0.014035087719298246
0.16279069767441862,0.20930232558139536,0.004651162790697674,0.11162790697674416,0.08837209302325581,0.17674418604651165,0.18604651162790686,0.060465116279069774
0.1602787456445993,0.3310104529616725,0.04878048780487805,0.13240418118466898,0.003484320557491289,0.03832752613240418,0.1010452961672474,0.18466898954703834
0.12141652613827993,0.16188870151770654,0.0016863406408094436,0.15177065767284992,0.16020236087689713,0.12984822934232715,0.0893760539629005,0.18381112984822934
0.3645484949832776,0.20066889632107024,0.10702341137123746,0.016722408026755852,0.13377926421404682,0.1605351170568562,0.0033444816053511705,0.013377926421404682
0.1457286432160804,0.21105527638190955,0.005025125628140704,0.10050251256281408,0.11055276381909547,0.18090452261306533,0.20100502512562807,0.04522613065326633
0.15755627009646306,0.3215434083601286,0.05787781350482315,0.13504823151125406,0.003215434083601286,0.04180064308681672,0.10289389067524116,0.18006430868167206
0.12399355877616748,0.16586151368760066,0.0016103059581320447,0.1529790660225443,0.1529790660225443,0.13365539452495975,0.09017713365539452,0.17874396135265694
0.367003367003367,0.19528619528619529,0.10437710437710436,0.020202020202020204,0.11447811447811447,0.1750841750841751,0.003367003367003368,0.020202020202020204
0.14207650273224046,0.20765027322404367,0.00546448087431694,0.10382513661202186,0.1092896174863388,0.17486338797814208,0.19672131147540986,0.060109289617486336
0.15112540192926044,0.31189710610932475,0.05144694533762058,0.1414790996784566,0.003215434083601286,0.04823151125401929,0.09967845659163987,0.1929260450160772
0.1192368839427663,0.1685214626391097,0.001589825119236884,0.15421303656597773,0.1494435612082671,0.13672496025437206,0.09538950715421304,0.17488076311605724
0.3475409836065574,0.20655737704918034,0.09508196721311477,0.016393442622950817,0.12131147540983607,0.17049180327868851,0.003278688524590164,0.03934426229508197
0.14790996784565916,0.31189710610932475,0.05466237942122187,0.1414790996784566,0.003215434083601286,0.04180064308681672,0.09967845659163987,0.19935691318327967
0.1437125748502994,0.2275449101796407,0.0059880239520958105,0.10179640718562874,0.10179640718562874,0.16766467065868262,0.20359281437125748,0.04790419161676647
0.12087912087912088,0.1695447409733124,0.0015698587127158554,0.15227629513343802,0.15070643642072212,0.13971742543171115,0.0957613814756672,0.1695447409733124
0.34812286689419797,0.2150170648464164,0.08532423208191127,0.0034129692832764505,0.12627986348122866,0.18088737201365188,0.0034129692832764505,0.03754266211604096
0.14029850746268654,0.29850746268656714,0.07462686567164177,0.12835820895522387,0.0029850746268656717,0.05074626865671642,0.1044776119402985,0.2
0.12571428571428572,0.21142857142857144,0.005714285714285714,0.11428571428571427,0.10857142857142857,0.17142857142857146,0.21142857142857144,0.051428571428571435
0.12248062015503874,0.17054263565891473,0.0015503875968992248,0.15968992248062014,0.15038759689922482,0.12868217054263567,0.09612403100775194,0.17054263565891473
0.13479623824451412,0.29780564263322884,0.07523510971786834,0.11912225705329152,0.003134796238244514,0.0438871473354232,0.10658307210031348,0.21943573667711605
0.11351351351351352,0.22162162162162166,0.0054054054054054074,0.13513513513513514,0.10810810810810813,0.16756756756756758,0.20540540540540544,0.04324324324324325
0.32432432432432434,0.2042042042042042,0.10510510510510512,0.003003003003003003,0.13213213213213212,0.16816816816816818,0.015015015015015015,0.04804804804804805
0.12082670906200314,0.17170111287758347,0.001589825119236884,0.1589825119236884,0.1478537360890302,0.12241653418124004,0.10174880763116058,0.17488076311605724
0.1253731343283582,0.29253731343283584,0.07462686567164177,0.12835820895522387,0.0029850746268656717,0.05373134328358209,0.10746268656716418,0.2149253731343284
0.1242603550295858,0.2248520710059172,0.005917159763313609,0.15384615384615385,0.08875739644970414,0.16568047337278108,0.20118343195266272,0.035502958579881665
0.3123123123123123,0.2042042042042042,0.10810810810810813,0.003003003003003003,0.14414414414414414,0.17417417417417416,0.015015015015015015,0.03903903903903904
0.11930926216640506,0.17582417582417584,0.0015698587127158554,0.16012558869701726,0.14913657770800628,0.12401883830455256,0.10047095761381476,0.1695447409733124
0.13513513513513514,0.2972972972972973,0.07507507507507508,0.11411411411411412,0.003003003003003003,0.06006006006006006,0.09309309309309308,0.2222222222222222
0.13071895424836602,0.24183006535947715,0.006535947712418301,0.13725490196078433,0.06535947712418301,0.1830065359477124,0.2287581699346405,0.006535947712418301
0.3215434083601286,0.20257234726688106,0.10610932475884244,0.003215434083601286,0.15434083601286175,0.17363344051446947,0.00964630225080386,0.028938906752411574
0.11717495987158907,0.17656500802568215,0.0016051364365971107,0.1653290529695024,0.15248796147672553,0.1187800963081862,0.09791332263242376,0.17014446227929375
0.1388101983002833,0.29178470254957506,0.0708215297450425,0.11048158640226627,0.0028328611898017,0.07365439093484419,0.09348441926345608,0.21813031161473087
0.11515151515151514,0.2303030303030303,0.01818181818181818,0.15757575757575756,0.060606060606060615,0.1696969696969697,0.2424242424242425,0.006060606060606061
0.3201320132013201,0.2211221122112212,0.1056105610561056,0.0033003300330033004,0.15181518151815182,0.1782178217821782,0.0033003300330033004,0.0165016501650165
0.11717495987158907,0.17174959871589085,0.0016051364365971107,0.1637239165329053,0.1508828250401284,0.1219903691813804,0.09951845906902086,0.17335473515248795
0.1415929203539823,0.30678466076696165,0.06194690265486725,0.09144542772861357,0.002949852507374631,0.07374631268436578,0.09734513274336284,0.22418879056047197
0.10191082802547773,0.2547770700636943,0.01910828025477707,0.1337579617834395,0.050955414012738856,0.1592356687898089,0.2738853503184713,0.006369426751592357
0.3215434083601286,0.2250803858520901,0.09646302250803858,0.003215434083601286,0.1414790996784566,0.17684887459807075,0.022508038585209004,0.012861736334405145
0.14929577464788732,0.30704225352112674,0.0647887323943662,0.10422535211267606,0.0028169014084507052,0.0676056338028169,0.09014084507042254,0.2140845070422535
0.11663807890222985,0.17495711835334474,0.0017152658662092624,0.1646655231560892,0.14922813036020582,0.1149228130360206,0.10120068610634647,0.17667238421955406
0.12727272727272726,0.2484848484848485,0.01818181818181818,0.12121212121212124,0.03636363636363636,0.17575757575757575,0.26666666666666666,0.006060606060606061
0.3202416918429003,0.2265861027190333,0.08459214501510574,0.0030211480362537764,0.14803625377643506,0.17220543806646527,0.024169184290030208,0.02114803625377644
0.15669515669515668,0.31054131054131057,0.05413105413105413,0.10256410256410256,0.0028490028490028487,0.07122507122507123,0.07977207977207977,0.2222222222222222
0.12100840336134455,0.1815126050420168,0.0016806722689075633,0.15294117647058825,0.1546218487394958,0.11596638655462185,0.0991596638655462,0.173109243697479
0.13142857142857142,0.2457142857142857,0.005714285714285714,0.12571428571428572,0.022857142857142857,0.17714285714285713,0.28,0.011428571428571429
0.3057851239669421,0.21487603305785125,0.09090909090909093,0.0027548209366391185,0.15151515151515152,0.16804407713498626,0.03581267217630854,0.030303030303030307
0.1532033426183844,0.30362116991643456,0.0584958217270195,0.1086350974930362,0.0027855153203342627,0.06685236768802229,0.07799442896935932,0.22841225626740946
0.12220309810671255,0.18932874354561105,0.0017211703958691911,0.14974182444061962,0.1514629948364888,0.1153184165232358,0.09982788296041308,0.1703958691910499
0.14507772020725387,0.23316062176165805,0.0051813471502590676,0.13471502590673576,0.015544041450777204,0.1865284974093264,0.26424870466321243,0.015544041450777204
0.118491921005386,0.18491921005385997,0.0017953321364452427,0.1490125673249551,0.1561938958707361,0.12028725314183125,0.09515260323159784,0.1741472172351885
0.15598885793871867,0.30919220055710306,0.061281337047353765,0.10306406685236767,0.0027855153203342627,0.06406685236768803,0.0807799442896936,0.2228412256267409
0.2975871313672922,0.21715817694369974,0.0938337801608579,0.0026809651474530827,0.14745308310991956,0.16890080428954424,0.02949061662198392,0.04289544235924933
0.1382488479262673,0.2258064516129032,0.009216589861751152,0.14746543778801846,0.004608294930875576,0.18433179723502305,0.2534562211981567,0.03686635944700462
0.16809116809116809,0.3190883190883191,0.05982905982905984,0.08831908831908833,0.0028490028490028487,0.06837606837606837,0.07692307692307693,0.21652421652421647
0.118491921005386,0.1867145421903052,0.0017953321364452427,0.15439856373429084,0.1561938958707361,0.118491921005386,0.08976660682226212,0.1741472172351885
0.3002680965147453,0.2117962466487936,0.09919571045576407,0.0026809651474530827,0.13941018766756033,0.15281501340482573,0.04021447721179625,0.05361930294906166
0.14666666666666667,0.21777777777777774,0.013333333333333334,0.1288888888888889,0.004444444444444445,0.18222222222222226,0.2533333333333333,0.05333333333333334
0.17094017094017094,0.31054131054131057,0.05982905982905984,0.09686609686609686,0.0028490028490028487,0.06552706552706553,0.07692307692307693,0.21652421652421647
0.11796733212341196,0.19056261343012704,0.0018148820326678765,0.15063520871143374,0.1560798548094374,0.1161524500907441,0.0943738656987296,0.1724137931034483
0.2986666666666667,0.21066666666666667,0.104,0.0026666666666666666,0.136,0.15733333333333333,0.037333333333333336,0.05333333333333334
0.14691943127962084,0.21800947867298576,0.0047393364928909965,0.12796208530805686,0.014218009478672985,0.1895734597156398,0.2417061611374408,0.05687203791469194
0.17166212534059944,0.2997275204359673,0.057220708446866476,0.1008174386920981,0.0027247956403269754,0.06267029972752043,0.08446866485013624,0.22070844686648505
0.1217391304347826,0.18782608695652173,0.0017391304347826088,0.14956521739130435,0.1565217391304348,0.1165217391304348,0.09217391304347826,0.17391304347826084
0.1324200913242009,0.2283105022831049,0.0045662100456621,0.1095890410958904,0.0273972602739726,0.1963470319634703,0.2420091324200913,0.0593607305936073
0.289002557544757,0.2122762148337596,0.10997442455242967,0.0025575447570332483,0.14578005115089515,0.1432225063938619,0.04603580562659847,0.05115089514066496
0.1671388101983003,0.3144475920679887,0.0453257790368272,0.09915014164305948,0.0028328611898017,0.06232294617563739,0.07932011331444759,0.2294617563739377
0.12126537785588752,0.19507908611599287,0.0017574692442882249,0.1546572934973638,0.14762741652021089,0.11599297012302286,0.0913884007029877,0.17223198594024605
0.1444866920152091,0.2281368821292776,0.0038022813688212928,0.1064638783269962,0.04562737642585552,0.18631178707224336,0.22053231939163487,0.06463878326996197
0.2907268170426065,0.20551378446115287,0.10526315789473684,0.0025062656641604013,0.15037593984962405,0.14285714285714285,0.05764411027568923,0.045112781954887216
0.17355371900826447,0.2947658402203857,0.04132231404958678,0.09090909090909093,0.0027548209366391185,0.06887052341597796,0.09366391184573004,0.2341597796143251
0.1226890756302521,0.19663865546218487,0.0016806722689075633,0.15294117647058825,0.14453781512605046,0.11596638655462185,0.0991596638655462,0.16638655462184873
0.16597510373443985,0.22406639004149376,0.004149377593360996,0.11203319502074688,0.02904564315352697,0.17012448132780086,0.2282157676348548,0.06639004149377592
0.2781609195402299,0.20229885057471264,0.10804597701149424,0.002298850574712644,0.15402298850574714,0.1425287356321839,0.059770114942528735,0.0528735632183908
0.16076294277929154,0.3024523160762943,0.043596730245231606,0.08719346049046321,0.0027247956403269754,0.07084468664850138,0.09809264305177112,0.2343324250681199
0.12597200622083982,0.1850699844479005,0.0015552099533437016,0.15552099533437014,0.14463452566096424,0.119751166407465,0.10419906687402801,0.16329704510108864
0.15139442231075698,0.2310756972111553,0.00398406374501992,0.12350597609561753,0.035856573705179286,0.1752988047808765,0.2191235059760956,0.059760956175298814
0.1671309192200557,0.3008356545961003,0.04178272980501393,0.07799442896935932,0.0027855153203342627,0.07520891364902507,0.09192200557103064,0.2423398328690808
0.2808716707021792,0.2033898305084746,0.10653753026634384,0.0024213075060532693,0.162227602905569,0.14043583535108958,0.05811138014527845,0.04600484261501212
0.13004484304932734,0.18086696562032886,0.0014947683109118087,0.1554559043348281,0.14499252615844546,0.11808669656203287,0.101644245142003,0.16741405082212255
0.14537444933920704,0.2334801762114537,0.004405286343612335,0.13215859030837004,0.02643171806167401,0.1894273127753304,0.2202643171806168,0.048458149779735685
0.16112531969309465,0.2813299232736573,0.0639386189258312,0.08184143222506395,0.0025575447570332483,0.0792838874680307,0.09718670076726342,0.2327365728900256
0.2703296703296703,0.1956043956043956,0.10989010989010987,0.0021978021978021982,0.15604395604395604,0.14945054945054945,0.06373626373626373,0.05274725274725275
0.13122171945701358,0.1794871794871795,0.0015082956259426848,0.15535444947209653,0.14328808446455504,0.11613876319758673,0.10407239819004524,0.1689291101055807
0.13754646840148702,0.22304832713754646,0.0037174721189591076,0.13754646840148702,0.0483271375464684,0.18587360594795527,0.1970260223048327,0.06691449814126392
0.15789473684210525,0.2882205513784461,0.07017543859649122,0.08270676691729323,0.0025062656641604013,0.07769423558897243,0.08270676691729323,0.2380952380952381
0.1263318112633181,0.1856925418569254,0.0015220700152207,0.1567732115677321,0.1400304414003044,0.1202435312024353,0.1035007610350076,0.1659056316590563
0.27233115468409586,0.19389978213507625,0.1111111111111111,0.002178649237472767,0.16339869281045752,0.14596949891067534,0.05664488017429194,0.054466230936819175
0.1215686274509804,0.2352941176470588,0.0039215686274509795,0.15294117647058825,0.047058823529411764,0.1843137254901961,0.2,0.054901960784313725
0.14742014742014742,0.2923832923832924,0.0687960687960688,0.085995085995086,0.002457002457002457,0.08353808353808354,0.08108108108108109,0.2383292383292384
0.12441679626749612,0.1897356143079316,0.0015552099533437016,0.15552099533437014,0.14618973561430793,0.1150855365474339,0.09953343701399688,0.16796267496111975
0.267223382045929,0.18580375782881006,0.1127348643006263,0.0020876826722338203,0.16075156576200414,0.1440501043841336,0.0605427974947808,0.06680584551148225
0.1215686274509804,0.2431372549019608,0.0039215686274509795,0.1411764705882353,0.047058823529411764,0.2,0.19215686274509805,0.05098039215686274
0.1534526854219949,0.2966751918158568,0.06138107416879796,0.08184143222506395,0.0025575447570332483,0.07672634271099744,0.0792838874680307,0.24808184143222506
0.12440944881889765,0.1968503937007874,0.0015748031496062992,0.16062992125984252,0.14960629921259844,0.10866141732283464,0.08818897637795275,0.1700787401574803
0.26881720430107525,0.1827956989247312,0.1032258064516129,0.002150537634408602,0.16129032258064516,0.14623655913978495,0.06666666666666668,0.06881720430107527
0.12033195020746887,0.2406639004149377,0.004149377593360996,0.14522821576763487,0.04564315352697095,0.1991701244813278,0.1991701244813278,0.04564315352697095
0.14841849148418493,0.291970802919708,0.072992700729927,0.08759124087591241,0.0024330900243309003,0.07785888077858881,0.0827250608272506,0.2360097323600973
0.12598425196850396,0.2,0.0015748031496062992,0.15590551181102366,0.15118110236220472,0.10708661417322833,0.08503937007874016,0.1732283464566929
0.2679738562091503,0.19389978213507625,0.10021786492374728,0.002178649237472767,0.1568627450980392,0.1437908496732026,0.06535947712418301,0.06971677559912855
0.12350597609561753,0.2350597609561753,0.00398406374501992,0.1394422310756972,0.06772908366533864,0.1952191235059761,0.1952191235059761,0.0398406374501992
0.15567282321899736,0.31926121372031663,0.055408970976253295,0.08179419525065962,0.0026385224274406327,0.06596306068601583,0.07915567282321903,0.2401055408970976
0.1294851794071763,0.20280811232449286,0.0015600624024961,0.15132605304212168,0.1497659906396256,0.10920436817472698,0.08580343213728549,0.17004680187207488
0.2679738562091503,0.19607843137254904,0.09803921568627452,0.002178649237472767,0.15904139433551198,0.14161220043572986,0.06100217864923747,0.07407407407407407
0.14435695538057744,0.3202099737532809,0.052493438320209966,0.08661417322834647,0.0026246719160104987,0.05774278215223098,0.08923884514435695,0.2467191601049869
0.1278538812785388,0.2420091324200913,0.0091324200913242,0.136986301369863,0.0593607305936073,0.2009132420091324,0.2191780821917808,0.0045662100456621
0.1344,0.2032,0.0016,0.1536,0.1488,0.1056,0.08,0.1728
0.2554890219560878,0.1936127744510978,0.0998003992015968,0.001996007984031936,0.16367265469061876,0.1437125748502994,0.0718562874251497,0.06986027944111776
0.14435695538057744,0.3307086614173229,0.044619422572178484,0.08136482939632546,0.0026246719160104987,0.05511811023622047,0.10236220472440943,0.2388451443569554
0.14096916299559473,0.2378854625550661,0.022026431718061675,0.14096916299559473,0.06607929515418502,0.19383259911894274,0.19383259911894274,0.004405286343612335
0.13643926788685526,0.2079866888519135,0.001663893510815308,0.1497504159733777,0.14309484193011648,0.10981697171381033,0.07653910149750416,0.17470881863560733
0.1554959785522788,0.3404825737265416,0.03485254691689008,0.08042895442359249,0.0026809651474530827,0.045576407506702415,0.09919571045576407,0.2412868632707775
0.2535496957403651,0.19675456389452334,0.0973630831643002,0.0020283975659229213,0.1663286004056795,0.14198782961460446,0.07505070993914807,0.06693711967545639
