001,002,003,004,005,006,008,009
0.11090573012939002,0.3844731977818854,0.05360443622920517,0.0018484288354898336,0.0018484288354898336,0.12014787430683918,0.08687615526802217,0.2402957486136784
0.22082931533269048,0.2815814850530376,0.09643201542912247,0.03857280617164899,0.16972034715525555,0.11861137897782065,0.07328833172613307,0.0009643201542912248
0.2715008431703204,0.2276559865092749,0.0016863406408094436,0.05733558178752107,0.040472175379426635,0.23440134907251264,0.0050590219224283285,0.16188870151770654
0.18586088939566706,0.1904218928164196,0.0011402508551881414,0.08437856328392246,0.12086659064994296,0.2497149372862029,0.0935005701254276,0.07411630558722919
0.1092896174863388,0.3861566484517304,0.058287795992714025,0.00546448087431694,0.0018214936247723133,0.12204007285974496,0.07832422586520947,0.23861566484517305
0.2196041470311028,0.27992459943449577,0.09707822808671067,0.04052780395852969,0.16870876531573986,0.12064090480678605,0.07257304429783222,0.000942507068803016
0.1026438569206843,0.25972006220839816,0.023328149300155518,0.1104199066874028,0.0015552099533437016,0.26749611197511663,0.03421461897356143,0.2006220839813375
0.2765598650927487,0.22596964586846546,0.0016863406408094436,0.05733558178752107,0.03541315345699832,0.23440134907251264,0.006745362563237775,0.16188870151770654
0.10442477876106196,0.3769911504424779,0.06548672566371681,0.005309734513274336,0.001769911504424779,0.12389380530973453,0.08141592920353982,0.2407079646017699
0.18814139110604333,0.1904218928164196,0.0011402508551881414,0.08437856328392246,0.1242873432155074,0.2451539338654504,0.09122006841505133,0.07525655644241733
0.2231718898385565,0.2801519468186135,0.09401709401709404,0.039886039886039885,0.1671415004748338,0.1225071225071225,0.0721747388414055,0.000949667616334283
0.10177705977382877,0.2681744749596123,0.0210016155088853,0.1050080775444265,0.0016155088852988692,0.2762520193861066,0.03069466882067852,0.1954765751211632
0.2755632582322357,0.22876949740034666,0.0017331022530329284,0.057192374350086665,0.03292894280762565,0.23050259965337955,0.006932409012131714,0.1663778162911612
0.18867924528301888,0.1931187569367369,0.0011098779134295226,0.08879023307436182,0.12430632630410655,0.2386237513873474,0.09100998890122086,0.07436182019977802
0.22054665409990576,0.27992459943449577,0.09613572101790764,0.04052780395852969,0.16399622997172478,0.1234684260131951,0.07445805843543826,0.000942507068803016
0.10233393177737883,0.3877917414721723,0.06642728904847396,0.005385996409335727,0.0017953321364452427,0.11490125673249553,0.0807899461400359,0.2405745062836625
0.10393700787401576,0.2551181102362205,0.028346456692913382,0.10393700787401576,0.0015748031496062992,0.2803149606299213,0.028346456692913382,0.1984251968503937
0.2738301559792028,0.2322357019064125,0.0017331022530329284,0.05199306759098787,0.03466204506065858,0.2322357019064125,0.006932409012131714,0.1663778162911612
0.19270239452679588,0.19954389965792474,0.0011402508551881414,0.08209806157354617,0.11858608893956672,0.24059293044469784,0.09007981755986318,0.07525655644241733
0.21702525724976607,0.2806361085126286,0.09728718428437792,0.04303086997193639,0.1599625818521983,0.1225444340505145,0.07857811038353603,0.0009354536950420953
0.10771992818671454,0.3877917414721723,0.06283662477558348,0.007181328545780971,0.0017953321364452427,0.10951526032315978,0.08617594254937164,0.236983842010772
0.1010886469673406,0.25038880248833595,0.03732503888024884,0.104199066874028,0.0015552099533437016,0.2799377916018663,0.03421461897356143,0.19129082426127528
0.2755632582322357,0.2374350086655113,0.0017331022530329284,0.05025996533795494,0.03466204506065858,0.2270363951473137,0.010398613518197573,0.16291161178509533
0.18983050847457628,0.19887005649717515,0.0011299435028248588,0.08248587570621467,0.11977401129943505,0.24180790960451976,0.09152542372881356,0.07457627118644068
0.2172701949860724,0.2785515320334262,0.0947075208913649,0.04456824512534819,0.1606313834726091,0.12256267409470753,0.0807799442896936,0.0009285051067780873
0.10619469026548672,0.3805309734513274,0.06194690265486725,0.014159292035398232,0.001769911504424779,0.11327433628318585,0.08672566371681416,0.2353982300884956
0.10236220472440943,0.2551181102362205,0.03779527559055118,0.10708661417322833,0.0015748031496062992,0.2866141732283465,0.026771653543307086,0.1826771653543307
0.27318718381112983,0.2394603709949409,0.0016863406408094436,0.050590219224283306,0.03204047217537944,0.22596964586846546,0.010118043844856659,0.16694772344013492
0.18987341772151886,0.20253164556962025,0.0011507479861910242,0.07479861910241657,0.12197928653624855,0.2428078250863061,0.094361334867664,0.07249712313003452
0.10720887245841036,0.3974121996303142,0.05545286506469501,0.005545286506469501,0.0018484288354898336,0.11645101663585952,0.08317929759704251,0.23290203327171904
0.21866422689844464,0.27264409881061297,0.09332113449222323,0.04757548032936871,0.16010978956999086,0.12168344007319305,0.08508691674290943,0.0009149130832570906
0.10016155088852988,0.2568659127625202,0.04361873990306947,0.09854604200323101,0.0016155088852988692,0.29079159935379645,0.02261712439418417,0.18578352180936994
0.28471001757469244,0.2372583479789104,0.0017574692442882249,0.0492091388400703,0.02460456942003515,0.2284710017574693,0.008787346221441127,0.16520210896309315
0.18698224852071005,0.20473372781065088,0.0011834319526627221,0.07218934911242604,0.12307692307692307,0.2437869822485207,0.09585798816568047,0.07218934911242604
0.10951526032315978,0.3913824057450628,0.05565529622980251,0.010771992818671456,0.0017953321364452427,0.118491921005386,0.0807899461400359,0.23159784560143626
0.2207670720299345,0.27595884003741816,0.09541627689429373,0.04490177736202058,0.1618334892422825,0.12067352666043032,0.07951356407857811,0.0009354536950420953
0.09693053311793216,0.26009693053311794,0.038772213247172865,0.10177705977382877,0.0016155088852988692,0.2940226171243942,0.02261712439418417,0.1841680129240711
0.28034188034188035,0.2307692307692308,0.0017094017094017096,0.04957264957264957,0.035897435897435895,0.22905982905982905,0.0034188034188034192,0.16923076923076924
0.18895705521472392,0.2098159509202454,0.001226993865030675,0.06503067484662578,0.1276073619631902,0.2466257668711657,0.09815950920245403,0.06257668711656443
0.1140495867768595,0.3702479338842975,0.0628099173553719,0.02479338842975207,0.001652892561983471,0.11900826446280993,0.08264462809917356,0.22479338842975208
0.21935483870967745,0.27373271889400924,0.09861751152073732,0.04423963133640553,0.16036866359447005,0.11889400921658988,0.08387096774193549,0.0009216589861751152
0.09819967266775777,0.2635024549918167,0.0425531914893617,0.09819967266775777,0.0016366612111292965,0.2945990180032733,0.019639934533551555,0.18166939443535188
0.28471001757469244,0.2231985940246045,0.0035149384885764497,0.050966608084358524,0.03163444639718805,0.2319859402460457,0.0017574692442882249,0.17223198594024605
0.18411552346570398,0.2117930204572804,0.001203369434416366,0.06498194945848375,0.13237063778580024,0.2490974729241877,0.09386281588447654,0.06257521058965103
0.113464447806354,0.3555219364599092,0.06656580937972767,0.03479576399394856,0.0015128593040847206,0.11800302571860816,0.0907715582450832,0.2193645990922844
0.21665174574753804,0.26857654431512984,0.09937332139659803,0.045658012533572066,0.1611459265890779,0.11817367949865712,0.08952551477170992,0.0008952551477170994
0.2772963604852686,0.2218370883882149,0.0017331022530329284,0.06065857885615252,0.031195840554592718,0.2339688041594454,0.0017331022530329284,0.17157712305025996
0.10047846889952153,0.2567783094098884,0.044657097288676235,0.10207336523125997,0.001594896331738437,0.29186602870813394,0.02073365231259968,0.18181818181818185
0.1822600243013366,0.2150668286755772,0.001215066828675577,0.06318347509113001,0.13608748481166466,0.2551640340218712,0.0899149453219927,0.05710814094775213
0.11094890510948906,0.3518248175182482,0.072992700729927,0.04087591240875912,0.00145985401459854,0.11386861313868613,0.09197080291970802,0.21605839416058395
0.21712268314210065,0.2665489849955869,0.0997352162400706,0.045895851721094436,0.1615180935569285,0.12003530450132392,0.08826125330979699,0.0008826125330979699
0.27350427350427353,0.2188034188034188,0.0017094017094017096,0.06495726495726496,0.029059829059829064,0.2307692307692308,0.005128205128205128,0.17606837606837608
0.10147299509001637,0.2618657937806874,0.045826513911620285,0.10801963993453356,0.0016366612111292965,0.29623567921440264,0.0016366612111292965,0.1833060556464812
0.1782762691853601,0.21369539551357733,0.001180637544273908,0.06847697756788666,0.1357733175914994,0.2538370720188902,0.0885478158205431,0.0602125147579693
0.11210762331838564,0.34977578475336324,0.07025411061285501,0.03736920777279522,0.0014947683109118087,0.11360239162929744,0.09417040358744394,0.22122571001494767
0.216710182767624,0.26631853785900783,0.09834638816362054,0.04612706701479547,0.16362053959965187,0.11923411662315055,0.08877284595300261,0.0008703220191470844
0.2738301559792028,0.21837088388214906,0.0017331022530329284,0.0658578856152513,0.027729636048526855,0.22876949740034666,0.008665511265164644,0.17504332755632582
0.18050541516245489,0.21660649819494585,0.001203369434416366,0.06257521058965103,0.13598074608904934,0.25872442839951865,0.08784596871239471,0.0565583634175692
0.10310965630114566,0.2602291325695581,0.045826513911620285,0.10801963993453356,0.009819967266775776,0.2880523731587561,0.0016366612111292965,0.1833060556464812
0.11094890510948906,0.345985401459854,0.072992700729927,0.037956204379562035,0.00145985401459854,0.11386861313868613,0.09635036496350363,0.2204379562043796
0.22085889570552147,0.2699386503067485,0.09815950920245403,0.04469763365468887,0.16476774758983348,0.11568799298860648,0.08501314636283963,0.0008764241893076249
0.27768014059753954,0.2179261862917399,0.0017574692442882249,0.0632688927943761,0.02284710017574693,0.2302284710017575,0.007029876977152899,0.17926186291739896
0.1835518474374255,0.21573301549463647,0.0011918951132300355,0.06555423122765197,0.13587604290822408,0.2562574493444577,0.08700834326579261,0.05482717520858165
0.10252100840336134,0.26218487394957984,0.0453781512605042,0.10252100840336134,0.011764705882352941,0.29243697478991604,0.0016806722689075633,0.1815126050420168
0.1111111111111111,0.33910533910533913,0.07936507936507936,0.044733044733044736,0.001443001443001443,0.11255411255411256,0.0937950937950938,0.2178932178932179
0.21977052074139453,0.26831421006178285,0.0944395410414828,0.045895851721094436,0.1624007060900265,0.11915269196822595,0.08914386584289496,0.0008826125330979699
2.0,,,,,,,
0.18531889290012032,0.21660649819494585,0.001203369434416366,0.06859205776173287,0.13598074608904934,0.2490974729241877,0.08664259927797834,0.0565583634175692
0.10708661417322833,0.2519685039370079,0.05196850393700786,0.10551181102362203,0.02047244094488189,0.28346456692913385,0.0015748031496062992,0.17795275590551182
0.10656934306569343,0.34306569343065696,0.07153284671532846,0.04233576642335767,0.00145985401459854,0.11240875912408756,0.09927007299270073,0.22335766423357664
0.2672,0.2112,0.0016,0.0656,0.0368,0.2304,0.0128,0.1744
0.21712268314210065,0.2709620476610768,0.09620476610767872,0.0441306266548985,0.1650485436893204,0.11738746690203,0.08826125330979699,0.0008826125330979699
0.1829121540312876,0.21780986762936225,0.001203369434416366,0.06738868832731648,0.13959085439229846,0.246690734055355,0.08784596871239471,0.0565583634175692
0.11181102362204724,0.2440944881889764,0.05039370078740157,0.10708661417322833,0.02047244094488189,0.2818897637795276,0.0015748031496062992,0.1826771653543307
0.103397341211226,0.3412112259970458,0.07385524372230429,0.03988183161004431,0.0014771048744460858,0.1137370753323486,0.09896602658788774,0.2274741506646972
0.2656,0.21600000000000005,0.0016,0.0688,0.0352,0.23199999999999998,0.0096,0.1712
0.21977052074139453,0.27184466019417475,0.09267431597528683,0.04148278905560459,0.1650485436893204,0.11738746690203,0.09090909090909093,0.0008826125330979699
0.1812865497076024,0.2152046783625731,0.0011695906432748536,0.07134502923976609,0.14269005847953214,0.24444444444444444,0.0912280701754386,0.05263157894736842
0.11023622047244094,0.247244094488189,0.04251968503937008,0.11181102362204724,0.022047244094488192,0.2818897637795276,0.0015748031496062992,0.1826771653543307
0.2628951747088186,0.22462562396006647,0.001663893510815308,0.06156405990016639,0.028286189683860232,0.23793677204658906,0.004991680532445922,0.17803660565723795
0.10364963503649637,0.3372262773722628,0.07883211678832118,0.04525547445255475,0.00145985401459854,0.11386861313868613,0.09927007299270073,0.2204379562043796
0.21911632100991885,0.2732191163210099,0.09377817853922453,0.03787195671776375,0.16321009918845808,0.1199278629395852,0.09197475202885484,0.0009017132551848512
0.182548794489093,0.21469575200918484,0.001148105625717566,0.06659012629161883,0.1423650975889782,0.24339839265212398,0.09299655568312283,0.05625717566016074
0.1116427432216906,0.240829346092504,0.044657097288676235,0.11961722488038275,0.01594896331738437,0.2838915470494418,0.001594896331738437,0.18181818181818185
0.10782865583456426,0.3308714918759232,0.07976366322008863,0.04579025110782865,0.0014771048744460858,0.11669128508124076,0.09748892171344166,0.22008862629246675
0.26436781609195403,0.2282430213464696,0.0016420361247947454,0.05747126436781608,0.0361247947454844,0.2348111658456486,0.0049261083743842365,0.1724137931034483
0.21866666666666668,0.272,0.09422222222222222,0.037333333333333336,0.16444444444444445,0.11911111111111113,0.09333333333333334,0.0008888888888888887
0.182548794489093,0.21354764638346727,0.001148105625717566,0.06659012629161883,0.14006888633754305,0.2445464982778416,0.09299655568312283,0.058553386911595874
0.11269614835948645,0.3238231098430813,0.07703281027104136,0.04992867332382312,0.0014265335235378036,0.11554921540656204,0.10413694721825964,0.21540656205420827
0.11642743221690592,0.2360446570972887,0.051036682615629984,0.1116427432216906,0.019138755980861243,0.2838915470494418,0.001594896331738437,0.1802232854864433
0.2576,0.2272,0.0016,0.056,0.0368,0.232,0.0144,0.1744
0.21910604732690625,0.26818580192813324,0.09903593339176164,0.03943908851884312,0.16301489921121826,0.11831726555652936,0.0920245398773006,0.0008764241893076249
0.18362573099415205,0.2128654970760234,0.0011695906432748536,0.0608187134502924,0.14619883040935672,0.24444444444444444,0.09473684210526316,0.056140350877192984
0.11043872919818457,0.340393343419062,0.0680786686838124,0.04084720121028744,0.0015128593040847206,0.11497730711043873,0.09984871406959152,0.22390317700453846
0.12143928035982007,0.22788605697151426,0.05247376311844079,0.11244377811094453,0.02548725637181409,0.27886056971514245,0.0014992503748125937,0.17991004497751126
0.25115562403698,0.22496147919876733,0.0015408320493066256,0.0600924499229584,0.046224961479198766,0.226502311248074,0.01848998459167951,0.17103235747303544
0.1829988193624557,0.21723730814639905,0.001180637544273908,0.05667060212514757,0.14521841794569068,0.24911452184179456,0.09445100354191263,0.05312868949232585
0.22153574580759047,0.2691968225948809,0.09796999117387467,0.03883495145631068,0.16593115622241836,0.11738746690203,0.08826125330979699,0.0008826125330979699
0.1059001512859304,0.3434190620272315,0.07110438729198185,0.037821482602118005,0.0015128593040847206,0.11497730711043873,0.0983358547655068,0.226928895612708
0.12152269399707175,0.2298682284040996,0.05124450951683748,0.1171303074670571,0.02489019033674964,0.27232796486090777,0.0014641288433382134,0.1815519765739385
0.18417945690672965,0.21487603305785125,0.001180637544273908,0.05312868949232585,0.14994096812278632,0.24911452184179456,0.09327036599763873,0.05430932703659976
0.2542372881355932,0.22033898305084745,0.0015408320493066256,0.05546995377503852,0.046224961479198766,0.2280431432973806,0.023112480739599383,0.17103235747303544
0.2195555555555556,0.2693333333333333,0.09866666666666668,0.03822222222222222,0.168,0.11822222222222226,0.08711111111111111,0.0008888888888888887
0.10107197549770293,0.3460949464012251,0.07350689127105668,0.03522205206738132,0.0015313935681470134,0.11791730474732008,0.09800918836140887,0.2266462480857581
0.18076477404403246,0.21436848203939746,0.0011587485515643105,0.057937427578215524,0.15063731170336034,0.24797219003476245,0.09385863267670916,0.05330243337195829
0.12303290414878396,0.22603719599427755,0.05436337625178827,0.11587982832618025,0.024320457796852647,0.2718168812589413,0.001430615164520744,0.1831187410586552
0.2511144130757801,0.21545319465081725,0.0014858841010401188,0.05349182763744429,0.04903417533432392,0.22734026745913816,0.029717682020802376,0.1723625557206538
0.21777777777777774,0.2693333333333333,0.09866666666666668,0.03911111111111111,0.168,0.11555555555555555,0.09066666666666667,0.0008888888888888887
0.0989010989010989,0.3469387755102041,0.07692307692307693,0.026687598116169543,0.0015698587127158554,0.12244897959183673,0.09733124018838303,0.2291993720565149
0.1829988193624557,0.2160566706021252,0.001180637544273908,0.05312868949232585,0.1487603305785124,0.2502951593860685,0.09445100354191263,0.05312868949232585
0.12447552447552447,0.2195804195804196,0.05594405594405594,0.12167832167832167,0.033566433566433566,0.2713286713286713,0.0013986013986013984,0.17202797202797196
0.2511013215859031,0.20851688693098386,0.0014684287812041115,0.05726872246696035,0.05433186490455213,0.22466960352422907,0.030837004405286344,0.17180616740088106
0.21650399290150849,0.2715173025732032,0.09760425909494233,0.03815439219165928,0.16947648624667258,0.11446317657497786,0.09139307897071873,0.0008873114463176574
0.10015898251192368,0.3449920508744038,0.0794912559618442,0.02384737678855326,0.001589825119236884,0.1176470588235294,0.10174880763116058,0.23052464228934816
0.1831626848691695,0.21160409556313994,0.0011376564277588168,0.05688282138794084,0.14562002275312855,0.2445961319681456,0.09670079635949944,0.060295790671217285
0.1189488243430152,0.21853388658367912,0.05809128630705394,0.1272475795297372,0.03872752420470263,0.2669432918395574,0.0013831258644536654,0.17012448132780086
0.2539454806312769,0.20803443328550933,0.0014347202295552368,0.060258249641319934,0.057388809182209476,0.2223816355810617,0.025824964131994255,0.17073170731707318
0.21674008810572687,0.27048458149779736,0.09691629955947137,0.039647577092511016,0.16916299559471365,0.11629955947136565,0.08986784140969163,0.000881057268722467
0.10114192495921696,0.3539967373572594,0.0701468189233279,0.01794453507340946,0.0016313213703099511,0.11745513866231648,0.10766721044045677,0.2300163132137031
0.1837655016910936,0.21420518602029312,0.0011273957158962795,0.058624577226606536,0.13979706877113868,0.2423900789177001,0.0992108229988726,0.0608793686583991
0.2469798657718121,0.19731543624161074,0.0013422818791946304,0.06711409395973154,0.05771812080536912,0.22281879194630871,0.038926174496644296,0.16778523489932887
0.1114327062228654,0.2199710564399421,0.0593342981186686,0.1244573082489146,0.03183791606367583,0.27641099855282203,0.0014471780028943561,0.17510853835021709
0.2143482064741908,0.2694663167104112,0.09536307961504813,0.043744531933508315,0.17060367454068245,0.1137357830271216,0.09186351706036744,0.0008748906386701663
0.10628019323671498,0.3462157809983897,0.07085346215780998,0.020933977455716585,0.0016103059581320447,0.12560386473429952,0.10466988727858294,0.22383252818035426
0.18489289740698986,0.21307779030439689,0.0011273957158962795,0.06426155580608793,0.13416009019165728,0.2435174746335964,0.09695603156708003,0.06200676437429538
0.2483221476510067,0.19865771812080527,0.0013422818791946304,0.06577181208053691,0.0563758389261745,0.22281879194630871,0.04161073825503357,0.1651006711409396
0.21602160216021601,0.26912691269126915,0.09450945094509453,0.0432043204320432,0.17551755175517553,0.1134113411341134,0.08730873087308731,0.0009000900090009
0.11158798283261803,0.22031473533619456,0.055793991416309016,0.12446351931330472,0.037195994277539335,0.2703862660944206,0.001430615164520744,0.178826895565093
0.099510603588907,0.3539967373572594,0.06688417618270799,0.02120717781402936,0.0016313213703099511,0.13050570962479607,0.099510603588907,0.2267536704730832
0.17940199335548174,0.2115171650055371,0.0011074197120708748,0.06866002214839424,0.13510520487264674,0.2414174972314508,0.1007751937984496,0.06201550387596898
0.2510402219140083,0.19972260748959766,0.0013869625520110955,0.06657420249653259,0.052704576976421634,0.22052704576976426,0.03744798890429958,0.17059639389736478
0.21332133213321333,0.27362736273627364,0.0936093609360936,0.041404140414041404,0.17641764176417646,0.1116111611161116,0.0891089108910891,0.0009000900090009
0.11173974540311174,0.22065063649222064,0.05374823196605375,0.12446958981612448,0.04101838755304102,0.27015558698727016,0.0014144271570014145,0.1768033946251768
0.09787928221859707,0.3539967373572594,0.06035889070146819,0.024469820554649267,0.0016313213703099511,0.13213703099510604,0.09787928221859707,0.23164763458401305
0.17718715393134,0.21040974529346626,0.0011074197120708748,0.06866002214839424,0.13510520487264674,0.24031007751937986,0.10409745293466224,0.06312292358803986
0.21447721179624665,0.2743521000893655,0.0902591599642538,0.04378909740840035,0.1742627345844504,0.11349419124218052,0.08847184986595175,0.0008936550491510277
0.25377229080932784,0.19890260631001366,0.0013717421124828533,0.06584362139917696,0.05761316872427984,0.2194787379972565,0.037037037037037035,0.16598079561042525
0.11244377811094453,0.22188905547226387,0.05097451274362818,0.12443778110944527,0.03298350824587706,0.272863568215892,0.0014992503748125937,0.18290854572713644
0.09547738693467336,0.3601340033500838,0.055276381909547735,0.021775544388609715,0.0016750418760469012,0.12897822445561138,0.10217755443886097,0.2345058626465661
0.17736670293797607,0.205658324265506,0.001088139281828074,0.06964091403699674,0.13710554951033732,0.2393906420021763,0.10663764961915123,0.06311207834602829
0.21602160216021601,0.27722772277227725,0.09180918091809184,0.0396039603960396,0.1719171917191719,0.117011701170117,0.0855085508550855,0.0009000900090009
0.2594670406732118,0.1949509116409537,0.001402524544179523,0.06451612903225806,0.056100981767180924,0.22300140252454406,0.035063113604488085,0.16549789621318373
0.09733124018838303,0.3453689167974882,0.05808477237048665,0.03296703296703297,0.0015698587127158554,0.130298273155416,0.1020408163265306,0.23233908948194665
0.1057542768273717,0.223950233281493,0.05132192846034215,0.12441679626749612,0.03576982892690513,0.2737169517884914,0.0015552099533437016,0.1835147744945568
0.17647058823529413,0.2053475935828877,0.0010695187165775401,0.06951871657754011,0.13689839572192514,0.24171122994652405,0.10588235294117647,0.06310160427807486
0.2191780821917808,0.2757990867579909,0.09315068493150687,0.0410958904109589,0.1689497716894977,0.11506849315068493,0.08584474885844749,0.00091324200913242
0.2652482269503546,0.19290780141843966,0.0014184397163120568,0.06808510638297872,0.0524822695035461,0.2269503546099291,0.026950354609929082,0.16595744680851066
0.1007751937984496,0.3426356589147287,0.057364341085271324,0.03565891472868217,0.0015503875968992248,0.12868217054263567,0.10697674418604652,0.2263565891472868
0.10708661417322833,0.2220472440944882,0.05511811023622047,0.11496062992125985,0.03307086614173228,0.2818897637795276,0.0015748031496062992,0.18425196850393705
0.18027571580063625,0.20042417815482505,0.0010604453870625664,0.07211028632025451,0.1378579003181336,0.2354188759278897,0.10922587486744433,0.06362672322375397
0.2187784867821331,0.2789425706472197,0.09298085688240657,0.0373746581586144,0.17137648131267091,0.11394712853236096,0.08568824065633546,0.0009115770282588881
0.09262166405023547,0.34850863422291994,0.0565149136577708,0.0282574568288854,0.0015698587127158554,0.13500784929356358,0.10832025117739404,0.2291993720565149
0.26255380200860834,0.18794835007173602,0.0014347202295552368,0.06456241032998565,0.05595408895265423,0.2309899569583931,0.02869440459110473,0.1678622668579627
0.10339256865912763,0.22132471728594508,0.05815831987075928,0.11308562197092085,0.03231017770597738,0.2875605815831987,0.0016155088852988692,0.1825525040387722
0.18288770053475936,0.20320855614973266,0.0010695187165775401,0.07058823529411765,0.14010695187165775,0.2352941176470588,0.10588235294117647,0.060962566844919776
0.22421948912015136,0.282876064333018,0.09271523178807947,0.03027436140018921,0.17313150425733204,0.11352885525070955,0.08230842005676442,0.0009460737937559133
0.09618320610687024,0.3465648854961832,0.05343511450381679,0.035114503816793895,0.0015267175572519086,0.13740458015267176,0.1068702290076336,0.22290076335877865
0.2638297872340425,0.1900709219858156,0.0014184397163120568,0.06524822695035461,0.05531914893617021,0.22553191489361696,0.032624113475177303,0.16595744680851066
0.18401682439537329,0.20084121976866454,0.0010515247108307043,0.07150368033648791,0.1398527865404837,0.2344900105152471,0.10515247108307044,0.06309148264984228
0.10562180579216354,0.21976149914821125,0.04429301533219762,0.11243611584327087,0.030664395229982964,0.29471890971039183,0.0017035775127768314,0.19080068143100512
0.2247838616714697,0.2843419788664745,0.09317963496637847,0.026897214217098942,0.17579250720461095,0.11239193083573487,0.08165225744476465,0.0009606147934678194
0.09273570324574963,0.35394126738794435,0.04482225656877898,0.03863987635239567,0.0015455950540958269,0.13446676970633695,0.11128284389489954,0.22256568778979907
0.26174496644295303,0.1825503355704698,0.0013422818791946304,0.0697986577181208,0.05771812080536912,0.21879194630872484,0.038926174496644296,0.1691275167785235
0.1762252346193952,0.1991657977059437,0.0010427528675703858,0.0740354535974974,0.14285714285714285,0.2356621480709072,0.10636079249217936,0.06465067778936393
0.10671256454388983,0.22030981067125646,0.04475043029259897,0.10671256454388983,0.03270223752151463,0.29948364888123924,0.0017211703958691911,0.18760757314974186
0.2279484638255699,0.288404360753221,0.09117938553022796,0.02081268582755203,0.17641228939544104,0.1110009910802775,0.08325074331020813,0.0009910802775024775
0.09273570324574963,0.357032457496136,0.04482225656877898,0.03554868624420402,0.0015455950540958269,0.13292117465224113,0.1143740340030912,0.22102009273570325
0.17743589743589744,0.19589743589743588,0.0010256410256410256,0.0758974358974359,0.14461538461538462,0.2358974358974359,0.10256410256410256,0.06666666666666668
0.2578018995929444,0.18453188602442333,0.0013568521031207595,0.06784260515603799,0.05698778833107191,0.22116689280868385,0.03934871099050204,0.17096336499321574
0.11544715447154473,0.2195121951219512,0.04065040650406504,0.10569105691056913,0.04065040650406504,0.2878048780487805,0.0016260162601626016,0.1886178861788618
0.22893954410307235,0.29137760158572845,0.08721506442021804,0.016848364717542117,0.17938553022794845,0.11199207135777996,0.08325074331020813,0.0009910802775024775
0.08607198748043818,0.3615023474178404,0.046948356807511735,0.03442879499217527,0.001564945226917058,0.13458528951486698,0.11267605633802814,0.2222222222222222
0.17770767613038907,0.1966351209253417,0.0010515247108307043,0.07150368033648791,0.14721345951629866,0.23554153522607785,0.10515247108307044,0.06519453207150368
0.2549800796812749,0.18857901726427626,0.0013280212483399733,0.06772908366533864,0.059760956175298814,0.2231075697211156,0.0398406374501992,0.1646746347941567
0.11398963730569947,0.2279792746113989,0.027633851468048358,0.10535405872193436,0.027633851468048358,0.3056994818652849,0.0017271157167530224,0.1899827288428325
0.2319127849355798,0.2893954410307235,0.08424182358771061,0.015857284440039643,0.18037661050545087,0.1149653121902874,0.08225966303270565,0.0009910802775024775
0.08137715179968699,0.3599374021909233,0.053208137715179966,0.03599374021909233,0.001564945226917058,0.13458528951486698,0.1111111111111111,0.2222222222222222
0.1772679874869656,0.19708029197080293,0.0010427528675703858,0.072992700729927,0.15015641293013554,0.2294056308654849,0.10740354535974972,0.06465067778936393
0.2535760728218466,0.1859557867360208,0.0013003901170351106,0.06892067620286085,0.06631989596879062,0.21976592977893367,0.04421326397919376,0.1599479843953186
0.12078152753108347,0.2202486678507993,0.02309058614564832,0.10479573712255773,0.030195381882770867,0.3037300177619893,0.0017761989342806395,0.19538188277087035
0.232055063913471,0.2871189773844641,0.08456243854473942,0.017699115044247787,0.17797443461160276,0.11701081612586035,0.08259587020648967,0.0009832841691248774
0.08607198748043818,0.3646322378716745,0.05790297339593115,0.031298904538341166,0.001564945226917058,0.13302034428794993,0.10328638497652584,0.2222222222222222
0.17560462670872765,0.19453207150368035,0.0010515247108307043,0.07255520504731862,0.15036803364879076,0.2323869610935857,0.10620399579390116,0.06729758149316509
0.2536912751677852,0.1812080536912752,0.0013422818791946304,0.0697986577181208,0.06845637583892618,0.2295302013422819,0.04429530201342282,0.15167785234899328
0.12252252252252252,0.22162162162162166,0.025225225225225224,0.10270270270270272,0.025225225225225224,0.3063063063063063,0.0018018018018018016,0.1945945945945946
0.2326283987915408,0.2940584088620342,0.08257804632426989,0.010070493454179257,0.17925478348439072,0.11782477341389727,0.08257804632426989,0.0010070493454179257
0.08792846497764531,0.353204172876304,0.05961251862891208,0.04023845007451565,0.0014903129657228018,0.13859910581222054,0.10432190760059612,0.21460506706408347
0.1754010695187166,0.19893048128342247,0.0010695187165775401,0.06844919786096257,0.15080213903743314,0.2320855614973262,0.106951871657754,0.06631016042780749
0.2548262548262548,0.18146718146718147,0.001287001287001287,0.07078507078507079,0.06692406692406692,0.2252252252252253,0.05019305019305019,0.1492921492921493
0.2373581011351909,0.29205366357069146,0.08152734778121776,0.0020639834881320948,0.18369453044375644,0.1197110423116615,0.0825593395252838,0.0010319917440660474
0.12052730696798493,0.2222222222222222,0.009416195856873822,0.1016949152542373,0.024482109227871945,0.32015065913371,0.0018832391713747645,0.19962335216572505
0.0889894419306184,0.3544494720965309,0.06485671191553545,0.03469079939668175,0.0015082956259426848,0.14177978883861234,0.10256410256410256,0.21116138763197587
0.17603393425238606,0.19936373276776245,0.0010604453870625664,0.06998939554612937,0.15270413573700956,0.2269353128313892,0.1071049840933192,0.06680805938494168
0.25624178712220763,0.17871222076215507,0.001314060446780552,0.0683311432325887,0.0683311432325887,0.2260183968462549,0.04862023653088042,0.15243101182654406
0.08244274809160305,0.3618320610687023,0.06564885496183206,0.035114503816793895,0.0015267175572519086,0.13893129770992366,0.10381679389312977,0.21068702290076333
0.1147227533460803,0.2275334608030593,0.0019120458891013386,0.1051625239005736,0.021032504780114723,0.3193116634799235,0.003824091778202677,0.20650095602294447
0.17583603020496225,0.20280474649406688,0.0010787486515641855,0.06580366774541532,0.15102481121898598,0.2319309600862999,0.10787486515641856,0.06364617044228695
0.25763612217795484,0.17795484727755645,0.0013280212483399733,0.06640106241699867,0.07304116865869854,0.22709163346613545,0.0451527224435591,0.15139442231075698
0.07938931297709924,0.366412213740458,0.06106870229007633,0.0366412213740458,0.0015267175572519086,0.14045801526717558,0.10229007633587786,0.21221374045801528
0.11439842209072976,0.2287968441814596,0.001972386587771204,0.10059171597633136,0.01972386587771203,0.3234714003944773,0.007889546351084813,0.203155818540434
0.17476732161323685,0.20062047569803515,0.001034126163391934,0.07238883143743538,0.15201654601861428,0.22750775594622544,0.10754912099276112,0.0641158221302999
0.2588699080157687,0.17345597897503284,0.001314060446780552,0.06701708278580815,0.07884362680683311,0.2247043363994744,0.04730617608409987,0.14848883048620234
0.0782472613458529,0.3677621283255086,0.06259780907668233,0.03599374021909233,0.001564945226917058,0.13615023474178406,0.0970266040688576,0.2206572769953052
0.11623246492985972,0.22645290581162325,0.002004008016032064,0.10420841683366733,0.02404809619238477,0.3226452905811623,0.002004008016032064,0.20240480961923848
0.17599186164801628,0.20040691759918616,0.001017293997965412,0.0762970498474059,0.1536113936927772,0.22177009155645985,0.10885045778229907,0.062054933875890124
0.2642762284196547,0.1699867197875166,0.0013280212483399733,0.06374501992031872,0.07702523240371846,0.22841965471447545,0.05046480743691899,0.14475431606905712
0.08396946564885496,0.36335877862595417,0.06870229007633588,0.03816793893129771,0.0015267175572519086,0.13435114503816795,0.0916030534351145,0.2183206106870229
0.1203155818540434,0.21696252465483234,0.005917159763313609,0.10848126232741616,0.02169625246548324,0.3195266272189349,0.001972386587771204,0.20512820512820512
0.17832512315270935,0.19901477832512315,0.0009852216748768472,0.07980295566502463,0.1566502463054187,0.2157635467980296,0.10640394088669952,0.06305418719211822
0.2634338138925295,0.16382699868938402,0.001310615989515072,0.06815203145478375,0.0799475753604194,0.2280471821756225,0.05242463958060288,0.14285714285714285
0.08399366085578447,0.3660855784469096,0.06022187004754359,0.03486529318541997,0.001584786053882726,0.1347068145800317,0.09508716323296357,0.22345483359746435
0.12572533849129594,0.2127659574468085,0.007736943907156673,0.10831721470019344,0.025145067698259187,0.3133462282398453,0.0019342359767891683,0.20502901353965186
0.18226600985221675,0.1960591133004926,0.0009852216748768472,0.07783251231527094,0.1566502463054187,0.21773399014778325,0.10640394088669952,0.06206896551724138
0.2583668005354752,0.16599732262382866,0.0013386880856760374,0.06827309236947791,0.07898259705488621,0.2329317269076305,0.052208835341365466,0.14190093708165996
0.08240887480190175,0.3660855784469096,0.06022187004754359,0.036450079239302685,0.001584786053882726,0.12995245641838352,0.09508716323296357,0.2282091917591125
0.18622696411251213,0.19689621726479145,0.0009699321047526672,0.07274490785645005,0.15518913676042678,0.21726479146459748,0.10572259941804074,0.06498545101842873
0.12570356472795494,0.20825515947467169,0.005628517823639775,0.1125703564727955,0.03189493433395872,0.3076923076923077,0.001876172607879925,0.20637898686679174
0.2543046357615894,0.16821192052980133,0.001324503311258278,0.06887417218543046,0.07947019867549669,0.2331125827814569,0.05165562913907285,0.14304635761589404
0.08130081300813008,0.3707317073170732,0.06016260162601626,0.030894308943089432,0.0016260162601626016,0.13495934959349593,0.09268292682926828,0.22764227642276424
0.18388625592417066,0.195260663507109,0.0009478672985781992,0.07582938388625593,0.15734597156398106,0.2113744075829384,0.1061611374407583,0.06919431279620854
0.12761904761904766,0.2038095238095238,0.0038095238095238095,0.1180952380952381,0.03047619047619048,0.3047619047619048,0.0019047619047619048,0.2095238095238096
0.25695364238410595,0.16821192052980133,0.001324503311258278,0.06887417218543046,0.07947019867549669,0.23443708609271524,0.04768211920529802,0.14304635761589404
0.07679465776293823,0.3722871452420701,0.05843071786310518,0.031719532554257086,0.001669449081803005,0.1352253756260434,0.08848080133555926,0.2353923205342237
0.18674136321195145,0.19607843137254904,0.0009337068160597573,0.07469654528478058,0.1568627450980392,0.21008403361344533,0.10550887021475257,0.06909430438842204
0.12386156648451732,0.19672131147540986,0.0018214936247723133,0.12204007285974496,0.03460837887067395,0.3005464480874317,0.012750455373406194,0.20765027322404367
0.06937394247038918,0.3739424703891709,0.05583756345177665,0.0338409475465313,0.001692047377326565,0.1404399323181049,0.08629441624365483,0.2385786802030457
0.2637215528781794,0.16733601070950468,0.0013386880856760374,0.06827309236947791,0.07898259705488621,0.2329317269076305,0.0428380187416332,0.14457831325301204
0.1849126034958601,0.19595216191352344,0.0009199632014719412,0.07359705611775529,0.15547378104875806,0.2069917203311868,0.10855565777368906,0.07359705611775529
0.12035398230088495,0.1982300884955752,0.001769911504424779,0.11858407079646018,0.04070796460176991,0.2973451327433628,0.01946902654867257,0.2035398230088496
0.06091370558375635,0.3739424703891709,0.06091370558375635,0.03722504230118443,0.001692047377326565,0.14213197969543148,0.0829103214890017,0.24027072758037224
0.26639892904953144,0.16599732262382866,0.0013386880856760374,0.06961178045515395,0.07362784471218206,0.23560910307898256,0.04016064257028112,0.14725568942436412
0.1854185418541854,0.19621962196219625,0.0009000900090009,0.07920792079207921,0.15301530153015305,0.2016201620162016,0.1116111611161116,0.07200720072007201
0.12212389380530972,0.19646017699115045,0.001769911504424779,0.12212389380530972,0.04247787610619469,0.2991150442477876,0.01946902654867257,0.19646017699115045
0.06504065040650407,0.3560975609756097,0.06829268292682927,0.043902439024390234,0.0016260162601626016,0.13983739837398373,0.08780487804878047,0.23739837398373986
0.2657252888318357,0.1668806161745828,0.0012836970474967909,0.07188703465982027,0.07445442875481388,0.22978177150192555,0.04621309370988447,0.14377406931964054
0.1863186318631863,0.19801980198019808,0.0009000900090009,0.0783078307830783,0.15301530153015305,0.1998199819981998,0.1134113411341134,0.0702070207020702
0.12204007285974496,0.2040072859744991,0.0018214936247723133,0.12021857923497267,0.03825136612021858,0.30418943533697634,0.012750455373406194,0.19672131147540986
0.05583756345177665,0.3620981387478849,0.07106598984771574,0.04737732656514383,0.001692047377326565,0.13705583756345174,0.08121827411167512,0.2436548223350254
0.2626387176325524,0.16769420468557336,0.0012330456226880395,0.07028360049321825,0.08014796547472257,0.2244143033292232,0.0468557336621455,0.1467324290998767
0.19140989729225025,0.19794584500466847,0.0009337068160597573,0.07749766573295985,0.15592903828197946,0.19887955182072828,0.10644257703081232,0.07096171802054155
0.12014787430683918,0.20702402957486127,0.0018484288354898336,0.11829944547134935,0.03696857670979668,0.31053604436229204,0.0073937153419593345,0.1977818853974122
0.052173913043478265,0.3652173913043478,0.06608695652173913,0.043478260869565216,0.0017391304347826088,0.1373913043478261,0.0817391304347826,0.25217391304347825
0.2648125755743652,0.16686819830713426,0.0012091898428053206,0.07013301088270857,0.0761789600967352,0.22370012091898428,0.05078597339782346,0.14631197097944376
0.19190968955785512,0.20037629350893696,0.0009407337723424273,0.07714016933207903,0.1571025399811853,0.2013170272812794,0.10536218250235184,0.0658513640639699
0.052173913043478265,0.3652173913043478,0.07304347826086957,0.045217391304347834,0.0017391304347826088,0.13391304347826086,0.08521739130434783,0.2434782608695653
0.11632270168855535,0.2101313320825516,0.001876172607879925,0.1200750469043152,0.04127579737335835,0.3133208255159475,0.001876172607879925,0.1951219512195122
0.2654088050314465,0.16981132075471694,0.0012578616352201255,0.06540880503144654,0.07547169811320754,0.22641509433962265,0.042767295597484274,0.15345911949685534
0.1969260326609029,0.20076849183477424,0.0009606147934678194,0.07492795389048991,0.1585014409221902,0.20076849183477424,0.10470701248799233,0.062439961575408265
0.04651162790697674,0.37209302325581395,0.06976744186046513,0.04651162790697674,0.0017889087656529515,0.13595706618962433,0.08944543828264759,0.2379248658318425
0.12204007285974496,0.2040072859744991,0.00546448087431694,0.12204007285974496,0.04371584699453552,0.3114754098360656,0.0018214936247723133,0.1894353369763206
0.2654088050314465,0.17232704402515722,0.0012578616352201255,0.06666666666666668,0.06918238993710693,0.2238993710691824,0.04654088050314465,0.15471698113207547
0.1982160555004956,0.20218037661050545,0.0009910802775024775,0.07631318136769079,0.15460852329038652,0.20713577799801786,0.10109018830525272,0.05946481665014866
