001,002,003,004,005,006,008,009
0.12903225806451613,0.11693548387096775,0.12096774193548387,0.13709677419354838,0.10483870967741936,0.12096774193548387,0.12903225806451613,0.14112903225806453
0.11834319526627216,0.08875739644970414,0.1124260355029586,0.13609467455621302,0.09467455621301776,0.15384615384615385,0.14792899408284024,0.14792899408284024
0.14285714285714285,0.010204081632653059,0.12244897959183673,0.11224489795918367,0.030612244897959183,0.24489795918367346,0.15306122448979592,0.1836734693877551
0.1855670103092784,0.010309278350515464,0.15463917525773194,0.13402061855670105,0.020618556701030927,0.21649484536082475,0.16494845360824742,0.1134020618556701
0.18181818181818185,0.011363636363636364,0.17045454545454544,0.11363636363636365,0.10227272727272728,0.17045454545454544,0.1590909090909091,0.09090909090909093
0.1267605633802817,0.014084507042253518,0.14084507042253522,0.11267605633802814,0.07042253521126761,0.22535211267605634,0.19718309859154928,0.11267605633802814
0.13414634146341464,0.012195121951219513,0.14634146341463414,0.12195121951219512,0.0975609756097561,0.17073170731707318,0.2195121951219512,0.0975609756097561
0.15384615384615385,0.015384615384615384,0.13846153846153847,0.15384615384615385,0.09230769230769233,0.18461538461538465,0.2153846153846154,0.04615384615384616
0.09090909090909093,0.015151515151515154,0.19696969696969696,0.15151515151515152,0.045454545454545456,0.2424242424242425,0.2272727272727273,0.030303030303030307
0.07692307692307693,0.015384615384615384,0.15384615384615385,0.18461538461538465,0.09230769230769233,0.2,0.2153846153846154,0.061538461538461535
0.1,0.0125,0.1625,0.1625,0.05,0.225,0.1875,0.1
0.1095890410958904,0.0547945205479452,0.1780821917808219,0.1917808219178082,0.0273972602739726,0.2328767123287671,0.136986301369863,0.0684931506849315
0.14772727272727273,0.011363636363636364,0.17045454545454544,0.19318181818181807,0.022727272727272728,0.2159090909090909,0.1590909090909091,0.07954545454545454
0.12612612612612611,0.027027027027027032,0.1801801801801801,0.2072072072072072,0.009009009009009007,0.1801801801801801,0.1801801801801801,0.09009009009009007
0.042857142857142864,0.028571428571428567,0.17142857142857146,0.3142857142857143,0.014285714285714284,0.15714285714285714,0.21428571428571427,0.057142857142857134
0.047619047619047616,0.015873015873015872,0.1746031746031746,0.3333333333333333,0.031746031746031744,0.2380952380952381,0.12698412698412698,0.031746031746031744
0.05813953488372092,0.011627906976744186,0.19767441860465115,0.26744186046511625,0.06976744186046513,0.22093023255813954,0.09302325581395347,0.08139534883720931
0.010752688172043013,0.03225806451612903,0.1720430107526882,0.3225806451612903,0.11827956989247312,0.1720430107526882,0.08602150537634409,0.08602150537634409
0.008064516129032258,0.04838709677419355,0.1935483870967742,0.3064516129032258,0.0967741935483871,0.1532258064516129,0.13709677419354838,0.05645161290322581
0.010101010101010102,0.0707070707070707,0.1111111111111111,0.3838383838383838,0.12121212121212124,0.08080808080808081,0.16161616161616166,0.060606060606060615
0.013513513513513514,0.10810810810810813,0.0945945945945946,0.4594594594594595,0.0945945945945946,0.054054054054054064,0.14864864864864866,0.027027027027027032
0.015384615384615384,0.12307692307692307,0.09230769230769233,0.476923076923077,0.13846153846153847,0.030769230769230767,0.09230769230769233,0.030769230769230767
0.0625,0.1625,0.1625,0.4125,0.1125,0.05,0.0125,0.025
0.13709677419354838,0.13306451612903225,0.11693548387096775,0.14112903225806453,0.1129032258064516,0.12096774193548387,0.12903225806451613,0.10887096774193547
0.011235955056179777,0.19101123595505606,0.1797752808988764,0.4494382022471911,0.10112359550561796,0.02247191011235955,0.02247191011235955,0.02247191011235955
0.1393939393939394,0.12727272727272726,0.10909090909090907,0.12727272727272726,0.12727272727272726,0.13333333333333333,0.15151515151515152,0.08484848484848485
0.019230769230769232,0.18269230769230768,0.21153846153846154,0.4230769230769231,0.07692307692307693,0.019230769230769232,0.009615384615384616,0.0576923076923077
0.19047619047619047,0.15476190476190474,0.05952380952380953,0.14285714285714285,0.08333333333333333,0.14285714285714285,0.17857142857142858,0.047619047619047616
0.01904761904761905,0.18095238095238086,0.21904761904761905,0.3714285714285713,0.1238095238095238,0.0380952380952381,0.009523809523809523,0.0380952380952381
0.15151515151515152,0.18181818181818185,0.010101010101010102,0.15151515151515152,0.08080808080808081,0.1717171717171717,0.16161616161616166,0.09090909090909093
0.0423728813559322,0.1694915254237288,0.2457627118644068,0.2966101694915254,0.13559322033898305,0.0847457627118644,0.01694915254237288,0.00847457627118644
0.17692307692307693,0.16153846153846155,0.007692307692307694,0.12307692307692307,0.09230769230769233,0.13846153846153847,0.17692307692307693,0.12307692307692307
0.050420168067226885,0.21008403361344533,0.21008403361344533,0.3025210084033613,0.09243697478991596,0.050420168067226885,0.07563025210084033,0.008403361344537815
0.16759776536312848,0.1452513966480447,0.00558659217877095,0.11731843575418995,0.09497206703910614,0.1564245810055866,0.1787709497206704,0.1340782122905028
0.08333333333333333,0.17261904761904762,0.19642857142857145,0.2797619047619048,0.13690476190476192,0.029761904761904764,0.09523809523809523,0.005952380952380952
0.16037735849056606,0.14150943396226415,0.0047169811320754715,0.13679245283018868,0.08962264150943396,0.1320754716981132,0.18396226415094336,0.1509433962264151
0.10062893081761007,0.1509433962264151,0.2138364779874214,0.2578616352201258,0.16981132075471694,0.025157232704402517,0.07547169811320754,0.006289308176100629
0.1735159817351598,0.1552511415525114,0.0045662100456621,0.1278538812785388,0.1004566210045662,0.1141552511415525,0.18264840182648398,0.1415525114155251
0.11578947368421053,0.14210526315789473,0.21052631578947367,0.22105263157894736,0.16842105263157894,0.06315789473684211,0.07368421052631577,0.005263157894736842
0.1946902654867257,0.13716814159292035,0.004424778761061947,0.12831858407079647,0.11946902654867254,0.12831858407079647,0.16371681415929204,0.12389380530973453
0.1464968152866242,0.10828025477707008,0.21019108280254767,0.2484076433121019,0.15286624203821655,0.03821656050955414,0.08917197452229299,0.006369426751592357
0.20670391061452514,0.111731843575419,0.00558659217877095,0.1564245810055866,0.11731843575418995,0.111731843575419,0.16759776536312848,0.12290502793296088
0.15714285714285714,0.11428571428571427,0.2285714285714285,0.2357142857142857,0.12857142857142856,0.0071428571428571435,0.11428571428571427,0.014285714285714284
0.2229729729729729,0.08783783783783784,0.006756756756756757,0.1554054054054054,0.11486486486486487,0.12837837837837834,0.18243243243243248,0.10135135135135136
0.13548387096774195,0.11612903225806452,0.21935483870967745,0.2,0.14193548387096774,0.03870967741935484,0.14193548387096774,0.0064516129032258064
0.2129032258064516,0.1032258064516129,0.0064516129032258064,0.14193548387096774,0.1032258064516129,0.15483870967741936,0.16774193548387098,0.10967741935483873
0.17391304347826084,0.09420289855072464,0.007246376811594203,0.15217391304347827,0.09420289855072464,0.17391304347826084,0.15217391304347827,0.15217391304347827
0.11643835616438356,0.14383561643835616,0.2465753424657534,0.2054794520547945,0.15753424657534246,0.00684931506849315,0.10273972602739724,0.02054794520547945
0.1366906474820144,0.1079136690647482,0.22302158273381287,0.2158273381294964,0.16546762589928055,0.007194244604316547,0.11510791366906475,0.02877697841726619
0.17886178861788618,0.08130081300813008,0.008130081300813009,0.17073170731707318,0.07317073170731707,0.16260162601626016,0.17073170731707318,0.15447154471544716
0.18840579710144928,0.050724637681159424,0.007246376811594203,0.15942028985507245,0.09420289855072464,0.17391304347826084,0.1956521739130435,0.13043478260869565
0.14102564102564102,0.1282051282051282,0.19230769230769232,0.1987179487179487,0.1794871794871795,0.01282051282051282,0.14102564102564102,0.00641025641025641
0.12258064516129033,0.10967741935483873,0.16774193548387098,0.2258064516129032,0.1870967741935484,0.0064516129032258064,0.16774193548387098,0.012903225806451613
0.1897810218978102,0.007299270072992701,0.043795620437956206,0.1897810218978102,0.072992700729927,0.1678832116788321,0.18248175182481752,0.145985401459854
0.13440860215053765,0.13440860215053765,0.15591397849462366,0.21505376344086025,0.13978494623655913,0.005376344086021507,0.16129032258064516,0.053763440860215055
0.1875,0.045454545454545456,0.005681818181818182,0.18181818181818185,0.09659090909090907,0.1534090909090909,0.17045454545454544,0.1590909090909091
0.14465408805031446,0.13836477987421386,0.1509433962264151,0.2075471698113208,0.12578616352201258,0.006289308176100629,0.16981132075471694,0.05660377358490566
0.185792349726776,0.060109289617486336,0.00546448087431694,0.17486338797814208,0.10382513661202186,0.15300546448087432,0.16393442622950818,0.15300546448087432
0.1038961038961039,0.13636363636363635,0.14285714285714285,0.21428571428571427,0.13636363636363635,0.006493506493506494,0.17532467532467533,0.08441558441558443
0.16346153846153846,0.10576923076923077,0.004807692307692308,0.1778846153846154,0.1201923076923077,0.125,0.14423076923076922,0.15865384615384615
0.08396946564885496,0.16030534351145034,0.07633587786259542,0.2595419847328244,0.09923664122137403,0.015267175572519085,0.2137404580152672,0.0916030534351145
0.1507537688442211,0.12562814070351758,0.005025125628140704,0.17587939698492466,0.12060301507537688,0.1306532663316583,0.12562814070351758,0.1658291457286432
0.07627118644067797,0.17796610169491525,0.0423728813559322,0.2711864406779661,0.09322033898305083,0.00847457627118644,0.2457627118644068,0.0847457627118644
0.1631578947368421,0.1368421052631579,0.005263157894736842,0.17894736842105266,0.11578947368421053,0.11052631578947368,0.12105263157894736,0.16842105263157894
0.08527131782945736,0.13953488372093026,0.05426356589147287,0.2713178294573643,0.11627906976744184,0.007751937984496123,0.2015503875968992,0.12403100775193796
0.17258883248730966,0.1319796954314721,0.005076142131979695,0.18781725888324874,0.116751269035533,0.1218274111675127,0.1116751269035533,0.15228426395939088
0.09375,0.020833333333333332,0.010416666666666666,0.3645833333333333,0.13541666666666666,0.020833333333333332,0.19791666666666666,0.15625
0.13592233009708735,0.1650485436893204,0.0048543689320388345,0.16019417475728154,0.12135922330097088,0.13592233009708735,0.11650485436893206,0.16019417475728154
0.12598425196850396,0.03937007874015748,0.007874015748031496,0.2992125984251969,0.1889763779527559,0.05511811023622047,0.14960629921259844,0.13385826771653545
0.15228426395939088,0.13705583756345174,0.005076142131979695,0.15228426395939088,0.15228426395939088,0.14213197969543148,0.1116751269035533,0.14720812182741114
0.1320754716981132,0.009433962264150943,0.009433962264150943,0.3207547169811321,0.19811320754716985,0.03773584905660377,0.14150943396226415,0.1509433962264151
0.14646464646464644,0.13636363636363635,0.005050505050505051,0.16666666666666666,0.13636363636363635,0.15656565656565655,0.1414141414141414,0.1111111111111111
0.16030534351145034,0.0076335877862595426,0.015267175572519085,0.22900763358778625,0.20610687022900764,0.015267175572519085,0.17557251908396945,0.19083969465648856
0.13559322033898305,0.13559322033898305,0.005649717514124294,0.15819209039548024,0.14124293785310735,0.1638418079096045,0.1751412429378531,0.0847457627118644
0.15294117647058825,0.047058823529411764,0.047058823529411764,0.21176470588235294,0.18235294117647047,0.005882352941176471,0.17058823529411765,0.18235294117647047
0.1346153846153846,0.15384615384615385,0.004807692307692308,0.1778846153846154,0.12980769230769232,0.15865384615384615,0.13942307692307693,0.10096153846153846
0.15384615384615385,0.09230769230769233,0.04615384615384616,0.18461538461538465,0.15897435897435894,0.005128205128205128,0.1794871794871795,0.1794871794871795
0.13131313131313133,0.0707070707070707,0.05555555555555555,0.1717171717171717,0.16161616161616166,0.005050505050505051,0.20707070707070707,0.19696969696969696
0.1320754716981132,0.1761006289308176,0.006289308176100629,0.2138364779874214,0.1069182389937107,0.15723270440251572,0.10062893081761007,0.1069182389937107
0.1337579617834395,0.03821656050955414,0.044585987261146494,0.20382165605095545,0.15286624203821655,0.006369426751592357,0.20382165605095545,0.21656050955414013
0.10843373493975904,0.20481927710843373,0.006024096385542169,0.21084337349397592,0.10240963855421686,0.16265060240963855,0.07228915662650602,0.13253012048192772
0.18292682926829268,0.06097560975609756,0.006097560975609756,0.16463414634146342,0.1524390243902439,0.03658536585365853,0.2073170731707317,0.18902439024390244
0.09302325581395347,0.19534883720930232,0.004651162790697674,0.18604651162790686,0.10697674418604652,0.16744186046511628,0.08837209302325581,0.15813953488372093
0.1871345029239766,0.05847953216374269,0.005847953216374269,0.17543859649122806,0.152046783625731,0.029239766081871343,0.21052631578947367,0.1812865497076024
0.1007751937984496,0.1937984496124031,0.0038759689922480615,0.16666666666666666,0.1007751937984496,0.1821705426356589,0.09689922480620156,0.15503875968992248
0.10222222222222224,0.1688888888888889,0.004444444444444445,0.1688888888888889,0.10222222222222224,0.2,0.08888888888888889,0.16444444444444445
0.18823529411764706,0.06470588235294117,0.005882352941176471,0.18823529411764706,0.1352941176470588,0.017647058823529408,0.2235294117647059,0.17647058823529413
0.17159763313609466,0.07100591715976333,0.005917159763313609,0.2071005917159764,0.1301775147928994,0.059171597633136085,0.2189349112426036,0.13609467455621302
0.09523809523809523,0.1619047619047619,0.0047619047619047615,0.13333333333333333,0.11904761904761905,0.2095238095238096,0.08571428571428573,0.19047619047619047
0.19078947368421054,0.046052631578947366,0.006578947368421052,0.21710526315789475,0.125,0.03947368421052632,0.2434210526315789,0.13157894736842105
9950248755.0,,,,,,,
0.05913978494623656,0.16666666666666666,0.005376344086021507,0.11827956989247312,0.11827956989247312,0.2043010752688172,0.12365591397849462,0.2043010752688172
0.18285714285714288,0.06857142857142857,0.005714285714285714,0.21714285714285714,0.12,0.057142857142857134,0.21714285714285714,0.13142857142857142
0.19402985074626866,0.04477611940298507,0.00746268656716418,0.23134328358208955,0.08208955223880597,0.06716417910447761,0.26119402985074625,0.11194029850746268
0.0718232044198895,0.17679558011049726,0.0055248618784530384,0.1270718232044199,0.10497237569060773,0.1878453038674033,0.10497237569060773,0.22099447513812154
0.17277486910994766,0.06282722513089005,0.005235602094240838,0.2198952879581152,0.07853403141361258,0.11518324607329845,0.2094240837696335,0.13612565445026178
0.0755813953488372,0.1744186046511628,0.005813953488372093,0.09883720930232558,0.09883720930232558,0.19767441860465115,0.12790697674418605,0.22093023255813954
0.18235294117647047,0.023529411764705882,0.005882352941176471,0.2411764705882353,0.047058823529411764,0.1352941176470588,0.22941176470588234,0.1352941176470588
0.09142857142857144,0.1657142857142857,0.005714285714285714,0.10857142857142857,0.09142857142857144,0.17142857142857146,0.15428571428571428,0.21142857142857144
0.1871345029239766,0.04678362573099415,0.005847953216374269,0.2222222222222222,0.017543859649122806,0.15789473684210525,0.2280701754385965,0.13450292397660818
0.08904109589041095,0.18493150684931506,0.00684931506849315,0.07534246575342465,0.0547945205479452,0.1917808219178082,0.1506849315068493,0.2465753424657534
0.16336633663366334,0.09405940594059406,0.0049504950495049506,0.2277227722772277,0.04455445544554455,0.1188118811881188,0.2326732673267327,0.11386138613861388
0.06666666666666668,0.2095238095238096,0.009523809523809523,0.09523809523809523,0.009523809523809523,0.2380952380952381,0.13333333333333333,0.2380952380952381
0.16342412451361868,0.10116731517509728,0.003891050583657589,0.20233463035019456,0.058365758754863814,0.12062256809338524,0.22178988326848248,0.12840466926070038
0.08333333333333333,0.22916666666666666,0.02083333333333333,0.11458333333333333,0.010416666666666666,0.22916666666666666,0.052083333333333336,0.2604166666666667
0.15725806451612906,0.1129032258064516,0.004032258064516129,0.2056451612903226,0.05645161290322581,0.13306451612903225,0.20967741935483872,0.12096774193548387
0.0979020979020979,0.1888111888111888,0.07692307692307693,0.13286713286713284,0.006993006993006993,0.1888111888111888,0.05594405594405594,0.2517482517482518
0.1382488479262673,0.1152073732718894,0.004608294930875576,0.22119815668202766,0.059907834101382486,0.11059907834101383,0.22119815668202766,0.12903225806451613
0.0847457627118644,0.1864406779661017,0.01694915254237288,0.1440677966101695,0.00847457627118644,0.2457627118644068,0.0423728813559322,0.2711864406779661
0.14049586776859505,0.14049586776859505,0.004132231404958678,0.1900826446280992,0.07851239669421488,0.09917355371900828,0.2066115702479339,0.14049586776859505
0.08982035928143713,0.19161676646706588,0.0059880239520958105,0.16167664670658682,0.02994011976047904,0.2155688622754491,0.0658682634730539,0.2395209580838324
0.1552511415525114,0.1552511415525114,0.0045662100456621,0.1963470319634703,0.0821917808219178,0.0730593607305936,0.2054794520547945,0.1278538812785388
0.10810810810810813,0.16666666666666666,0.0045045045045045045,0.16216216216216214,0.04954954954954955,0.19369369369369369,0.08558558558558559,0.2297297297297297
0.15384615384615385,0.15384615384615385,0.004273504273504274,0.19658119658119647,0.0811965811965812,0.10256410256410256,0.1794871794871795,0.1282051282051282
0.1308016877637131,0.1518987341772152,0.004219409282700422,0.1518987341772152,0.05063291139240506,0.18987341772151886,0.08860759493670886,0.2320675105485232
0.15570934256055366,0.17647058823529413,0.0034602076124567475,0.17647058823529413,0.08996539792387544,0.11418685121107268,0.1522491349480969,0.1314878892733564
0.13821138211382114,0.15447154471544716,0.0040650406504065045,0.15447154471544716,0.032520325203252036,0.1869918699186992,0.0975609756097561,0.23170731707317074
0.16428571428571428,0.15,0.0035714285714285718,0.17857142857142858,0.10714285714285714,0.125,0.15,0.12142857142857146
0.1176470588235294,0.1583710407239819,0.004524886877828055,0.1493212669683258,0.027149321266968326,0.19457013574660634,0.0995475113122172,0.24886877828054305
0.1720430107526882,0.15053763440860216,0.003584229390681004,0.1899641577060932,0.12544802867383512,0.1111111111111111,0.13261648745519716,0.11469534050179213
0.1318181818181818,0.15454545454545454,0.004545454545454545,0.17272727272727273,0.00909090909090909,0.2,0.07727272727272727,0.25
0.16766467065868262,0.1467065868263473,0.0029940119760479052,0.17964071856287425,0.12874251497005987,0.11377245508982035,0.1377245508982036,0.12275449101796408
0.12206572769953053,0.16901408450704225,0.004694835680751174,0.16901408450704225,0.018779342723004692,0.19718309859154928,0.07511737089201878,0.24413145539906106
0.15966386554621848,0.15966386554621848,0.0028011204481792717,0.17086834733893558,0.13165266106442575,0.11484593837535012,0.13725490196078433,0.12324929971988795
0.13513513513513514,0.15765765765765766,0.0045045045045045045,0.15315315315315314,0.01801801801801801,0.2072072072072072,0.07657657657657657,0.2477477477477477
0.15269461077844312,0.17065868263473055,0.0029940119760479052,0.16167664670658682,0.1347305389221557,0.12275449101796408,0.1407185628742515,0.11377245508982035
0.13688212927756654,0.17870722433460076,0.0038022813688212928,0.1520912547528517,0.04562737642585552,0.1977186311787072,0.053231939163498096,0.2319391634980989
0.14285714285714285,0.15966386554621848,0.0028011204481792717,0.17086834733893558,0.12605042016806722,0.14285714285714285,0.14565826330532214,0.1092436974789916
0.1366906474820144,0.18705035971223025,0.0035971223021582736,0.1366906474820144,0.06115107913669065,0.1942446043165468,0.0539568345323741,0.2266187050359713
0.16379310344827586,0.15804597701149425,0.002873563218390805,0.16954022988505746,0.11494252873563215,0.13793103448275862,0.13218390804597702,0.1206896551724138
0.13333333333333333,0.18947368421052632,0.003508771929824561,0.13333333333333333,0.06666666666666668,0.19298245614035087,0.059649122807017535,0.22105263157894736
0.1540785498489426,0.15709969788519634,0.0030211480362537764,0.18126888217522646,0.11178247734138973,0.14803625377643506,0.11782477341389727,0.1268882175226586
0.1377952755905512,0.18503937007874016,0.003937007874015748,0.14566929133858267,0.05511811023622047,0.19291338582677164,0.03937007874015748,0.24015748031496065
0.16184971098265896,0.15895953757225434,0.0028901734104046237,0.17630057803468208,0.1184971098265896,0.16184971098265896,0.10982658959537572,0.10982658959537572
0.14942528735632185,0.1839080459770115,0.0038314176245210726,0.13793103448275862,0.05747126436781608,0.1839080459770115,0.03065134099616858,0.25287356321839083
0.16802168021680214,0.15447154471544716,0.002710027100271003,0.17615176151761516,0.1111111111111111,0.15176151761517614,0.11382113821138212,0.12195121951219512
0.1576923076923077,0.16923076923076924,0.003846153846153847,0.1423076923076923,0.0576923076923077,0.1807692307692308,0.03461538461538462,0.25384615384615383
0.1525,0.155,0.0025,0.175,0.1175,0.1575,0.11,0.13
0.1574468085106383,0.17872340425531916,0.00425531914893617,0.13191489361702127,0.0425531914893617,0.18723404255319148,0.0425531914893617,0.2553191489361702
0.15538847117794485,0.13533834586466165,0.0025062656641604013,0.17794486215538846,0.11779448621553885,0.16040100250626566,0.11528822055137845,0.13533834586466165
0.15289256198347104,0.18181818181818185,0.004132231404958678,0.14049586776859505,0.028925619834710745,0.19834710743801653,0.04958677685950413,0.243801652892562
0.14705882352941174,0.13101604278074866,0.00267379679144385,0.18983957219251327,0.10427807486631016,0.1711229946524064,0.12032085561497324,0.13368983957219252
0.1847389558232932,0.19678714859437751,0.008032128514056224,0.1285140562248996,0.004016064257028112,0.1927710843373494,0.04016064257028112,0.24497991967871485
0.13672922252010725,0.1447721179624665,0.0026809651474530827,0.1983914209115281,0.08310991957104558,0.16353887399463807,0.128686327077748,0.14209115281501342
0.17045454545454544,0.19696969696969696,0.022727272727272728,0.12878787878787878,0.003787878787878789,0.18181818181818185,0.05681818181818181,0.23863636363636365
0.13157894736842105,0.14210526315789473,0.002631578947368421,0.2,0.08947368421052633,0.14473684210526316,0.1368421052631579,0.15263157894736842
0.16470588235294115,0.19607843137254904,0.023529411764705882,0.12941176470588234,0.0039215686274509795,0.18823529411764706,0.054901960784313725,0.2392156862745098
0.1347708894878706,0.14824797843665768,0.0026954177897574125,0.20485175202156333,0.08355795148247977,0.15633423180592992,0.12398921832884095,0.14555256064690028
0.16822429906542055,0.2009345794392524,0.014018691588785048,0.08878504672897196,0.004672897196261682,0.22429906542056074,0.02803738317757009,0.27102803738317754
0.14814814814814814,0.14814814814814814,0.002645502645502645,0.21693121693121686,0.08201058201058199,0.1402116402116402,0.11904761904761905,0.14285714285714285
0.17316017316017315,0.18181818181818185,0.021645021645021644,0.08658008658008658,0.004329004329004329,0.2207792207792208,0.047619047619047616,0.2640692640692641
0.15072463768115946,0.1536231884057971,0.0028985507246376808,0.22318840579710145,0.07246376811594203,0.13043478260869565,0.11594202898550725,0.15072463768115946
0.18468468468468469,0.17117117117117114,0.0045045045045045045,0.08108108108108109,0.009009009009009007,0.2297297297297297,0.040540540540540536,0.2792792792792793
0.1534090909090909,0.14488636363636365,0.002840909090909091,0.22443181818181807,0.07102272727272728,0.13920454545454544,0.11363636363636365,0.15056818181818182
0.1928934010152284,0.15736040609137056,0.015228426395939087,0.08121827411167512,0.005076142131979695,0.2538071065989848,0.02030456852791878,0.27411167512690354
0.17270194986072426,0.15041782729805014,0.0027855153203342627,0.2311977715877437,0.07799442896935932,0.12813370473537605,0.10584958217270196,0.1309192200557103
0.17796610169491525,0.15677966101694915,0.05508474576271186,0.09322033898305083,0.00423728813559322,0.2330508474576271,0.03389830508474576,0.2457627118644068
0.16201117318435754,0.1424581005586592,0.002793296089385475,0.2402234636871509,0.07541899441340782,0.13966480446927373,0.10893854748603353,0.12849162011173185
0.15418502202643172,0.15859030837004404,0.06607929515418502,0.09691629955947137,0.004405286343612335,0.2555066079295154,0.022026431718061675,0.2422907488986784
0.18153846153846154,0.13230769230769232,0.003076923076923077,0.24,0.07692307692307693,0.13846153846153847,0.10153846153846154,0.12615384615384614
0.1487603305785124,0.16942148760330578,0.06611570247933883,0.11570247933884298,0.016528925619834708,0.23553719008264465,0.004132231404958678,0.243801652892562
0.18181818181818185,0.11688311688311688,0.003246753246753247,0.25,0.08766233766233766,0.1266233766233766,0.1038961038961039,0.12987012987012986
0.15471698113207547,0.1660377358490566,0.0830188679245283,0.11320754716981132,0.026415094339622643,0.21509433962264152,0.0037735849056603774,0.2377358490566037
0.17777777777777778,0.1238095238095238,0.0031746031746031746,0.2634920634920635,0.10476190476190476,0.1238095238095238,0.09523809523809523,0.10793650793650794
0.15725806451612906,0.12903225806451613,0.08870967741935484,0.12096774193548387,0.03225806451612903,0.2298387096774193,0.004032258064516129,0.2379032258064516
0.19798657718120805,0.12416107382550336,0.003355704697986577,0.2751677852348993,0.10738255033557048,0.12080536912751676,0.060402684563758385,0.11073825503355704
0.2087912087912088,0.1282051282051282,0.003663003663003664,0.2783882783882784,0.08791208791208792,0.11721611721611724,0.047619047619047616,0.1282051282051282
0.14666666666666667,0.13777777777777778,0.09333333333333334,0.13333333333333333,0.004444444444444445,0.23555555555555555,0.022222222222222227,0.22666666666666666
0.20703125,0.1171875,0.00390625,0.3046875,0.08203125,0.12109375,0.02734375,0.13671875
0.1527777777777778,0.12037037037037035,0.10185185185185183,0.14814814814814814,0.0046296296296296285,0.22685185185185186,0.037037037037037035,0.2083333333333333
0.2,0.10980392156862744,0.0039215686274509795,0.3019607843137255,0.08235294117647059,0.10196078431372547,0.054901960784313725,0.1450980392156863
0.12444444444444445,0.13777777777777778,0.09333333333333334,0.13333333333333333,0.004444444444444445,0.23555555555555555,0.048888888888888885,0.2222222222222222
0.1958041958041958,0.1258741258741259,0.0034965034965034965,0.2937062937062937,0.06643356643356642,0.1153846153846154,0.07342657342657342,0.1258741258741259
0.12916666666666668,0.15416666666666667,0.07916666666666666,0.12083333333333332,0.004166666666666668,0.22083333333333333,0.05,0.2416666666666667
0.19741100323624594,0.1262135922330097,0.0032362459546925572,0.2783171521035599,0.061488673139158574,0.1197411003236246,0.08090614886731391,0.13268608414239486
0.11940298507462685,0.16417910447761194,0.06467661691542287,0.10945273631840796,0.0049751243781094535,0.2437810945273632,0.03980099502487562,0.2537313432835821
0.19863013698630136,0.11301369863013698,0.003424657534246575,0.2945205479452055,0.04452054794520549,0.1232876712328767,0.08904109589041095,0.13356164383561644
0.14204545454545456,0.14772727272727273,0.03409090909090909,0.10795454545454546,0.005681818181818182,0.25,0.045454545454545456,0.2670454545454545
0.2084942084942085,0.10810810810810813,0.003861003861003861,0.2972972972972973,0.027027027027027032,0.138996138996139,0.10038610038610038,0.11583011583011585
0.13004484304932734,0.14798206278026907,0.04035874439461883,0.11659192825112108,0.004484304932735426,0.2286995515695067,0.08071748878923768,0.25112107623318386
0.18613138686131386,0.1167883211678832,0.0036496350364963507,0.2956204379562044,0.051094890510948905,0.13503649635036494,0.10583941605839416,0.10583941605839416
0.10648148148148147,0.1574074074074074,0.04629629629629629,0.12037037037037035,0.0046296296296296285,0.2407407407407408,0.06481481481481481,0.25925925925925924
0.17358490566037735,0.11320754716981132,0.0037735849056603774,0.3094339622641509,0.06792452830188679,0.12830188679245286,0.10943396226415096,0.09433962264150944
0.10471204188481677,0.1518324607329843,0.04712041884816754,0.09947643979057592,0.005235602094240838,0.25654450261780104,0.07853403141361258,0.25654450261780104
0.1821428571428572,0.125,0.0035714285714285718,0.3035714285714285,0.07857142857142857,0.11785714285714285,0.08928571428571429,0.1
0.1,0.17894736842105266,0.036842105263157884,0.09473684210526316,0.005263157894736842,0.2631578947368421,0.04736842105263158,0.2736842105263158
0.17770034843205576,0.13937282229965156,0.003484320557491289,0.2857142857142857,0.08710801393728224,0.11149825783972124,0.0975609756097561,0.0975609756097561
0.08780487804878047,0.16585365853658535,0.004878048780487805,0.1073170731707317,0.02926829268292683,0.2731707317073171,0.06341463414634146,0.2682926829268293
0.1946564885496183,0.12213740458015268,0.0038167938931297713,0.2938931297709924,0.08396946564885496,0.1183206106870229,0.08015267175572519,0.10305343511450382
0.09433962264150944,0.13679245283018868,0.0047169811320754715,0.1179245283018868,0.03773584905660377,0.2735849056603773,0.07075471698113207,0.2641509433962264
0.2118959107806692,0.10780669144981413,0.0037174721189591076,0.2862453531598513,0.09293680297397768,0.08550185873605948,0.08178438661710037,0.13011152416356878
0.1076923076923077,0.10256410256410256,0.005128205128205128,0.13846153846153847,0.04102564102564103,0.2564102564102564,0.07179487179487179,0.2769230769230769
0.21428571428571427,0.09523809523809523,0.003968253968253968,0.3015873015873016,0.0873015873015873,0.0873015873015873,0.07539682539682539,0.1349206349206349
0.10824742268041238,0.09278350515463918,0.005154639175257732,0.13917525773195874,0.04639175257731959,0.2422680412371134,0.08762886597938144,0.27835051546391754
0.2420091324200913,0.0639269406392694,0.0045662100456621,0.31963470319634696,0.0867579908675799,0.0776255707762557,0.0776255707762557,0.1278538812785388
0.12429378531073447,0.06779661016949153,0.005649717514124294,0.14124293785310735,0.05084745762711865,0.2655367231638418,0.062146892655367235,0.2824858757062147
0.26288659793814434,0.05154639175257732,0.005154639175257732,0.3350515463917525,0.0979381443298969,0.07216494845360824,0.07216494845360824,0.10309278350515463
0.11574074074074076,0.10185185185185183,0.0046296296296296285,0.125,0.08796296296296298,0.2361111111111111,0.05555555555555555,0.2731481481481481
0.271889400921659,0.059907834101382486,0.004608294930875576,0.3317972350230415,0.0967741935483871,0.07373271889400923,0.06451612903225806,0.0967741935483871
0.11210762331838564,0.11659192825112108,0.004484304932735426,0.11659192825112108,0.10762331838565024,0.2376681614349776,0.04932735426008968,0.2556053811659193
0.2647058823529412,0.08088235294117647,0.0036764705882352936,0.28308823529411764,0.10294117647058824,0.08455882352941177,0.07720588235294118,0.10294117647058824
0.1261682242990654,0.09345794392523364,0.004672897196261682,0.13551401869158874,0.11214953271028036,0.2383177570093458,0.04672897196261682,0.2429906542056075
0.2610169491525424,0.09152542372881356,0.003389830508474576,0.2610169491525424,0.11186440677966104,0.08813559322033898,0.07796610169491526,0.10508474576271186
0.0964467005076142,0.0964467005076142,0.005076142131979695,0.14213197969543148,0.116751269035533,0.2588832487309645,0.04060913705583756,0.2436548223350254
0.2804878048780488,0.07317073170731707,0.0040650406504065045,0.3008130081300813,0.0934959349593496,0.07723577235772358,0.06097560975609756,0.1097560975609756
0.10294117647058824,0.0931372549019608,0.004901960784313725,0.13725490196078433,0.14705882352941174,0.2549019607843137,0.029411764705882363,0.2303921568627451
0.2743682310469314,0.09386281588447654,0.0036101083032490976,0.2924187725631769,0.10830324909747292,0.05415162454873646,0.06498194945848375,0.10830324909747292
0.08205128205128205,0.10256410256410256,0.005128205128205128,0.15384615384615385,0.14871794871794872,0.2564102564102564,0.005128205128205128,0.2461538461538461
0.2676056338028169,0.1056338028169014,0.0035211267605633804,0.29577464788732394,0.10211267605633803,0.0528169014084507,0.06338028169014084,0.10915492957746477
0.1111111111111111,0.10256410256410256,0.017094017094017096,0.16666666666666666,0.15384615384615385,0.2564102564102564,0.004273504273504274,0.1880341880341881
0.2817869415807561,0.10652920962199312,0.003436426116838488,0.2817869415807561,0.1099656357388316,0.044673539518900345,0.07903780068728522,0.09278350515463918
0.12017167381974247,0.07296137339055794,0.008583690987124462,0.15879828326180254,0.15879828326180254,0.2618025751072961,0.004291845493562232,0.2145922746781116
0.2765957446808511,0.11702127659574467,0.0035460992907801405,0.30851063829787234,0.08865248226950355,0.02836879432624113,0.09219858156028367,0.0851063829787234
0.1015625,0.09375,0.03125,0.16015625,0.15234375,0.2421875,0.00390625,0.21484375
0.27626459143968873,0.1245136186770428,0.003891050583657589,0.32684824902723736,0.08560311284046693,0.011673151750972765,0.08171206225680934,0.08949416342412451
0.0891089108910891,0.10231023102310233,0.052805280528052806,0.15841584158415842,0.13861386138613865,0.24422442244224424,0.0033003300330033004,0.2112211221122112
0.305,0.12,0.005,0.345,0.075,0.01,0.065,0.075
0.1,0.1125,0.053125,0.159375,0.14375,0.225,0.003125,0.203125
0.3023255813953488,0.10232558139534884,0.004651162790697674,0.32558139534883723,0.08372093023255814,0.03255813953488372,0.07906976744186046,0.06976744186046513
0.0858085808580858,0.1188118811881188,0.0429042904290429,0.15841584158415842,0.16831683168316833,0.2277227722772277,0.0033003300330033004,0.19471947194719472
0.3406593406593407,0.08241758241758243,0.01098901098901099,0.3626373626373626,0.06593406593406594,0.005494505494505495,0.07142857142857142,0.06043956043956044
0.3425414364640884,0.08287292817679558,0.0055248618784530384,0.35911602209944754,0.04419889502762432,0.0055248618784530384,0.0718232044198895,0.08839779005524863
0.09748427672955977,0.12578616352201258,0.04716981132075472,0.14779874213836475,0.17295597484276728,0.220125786163522,0.0031446540880503146,0.1855345911949685
0.3018867924528302,0.07547169811320754,0.0047169811320754715,0.330188679245283,0.08018867924528301,0.02830188679245283,0.08018867924528301,0.09905660377358493
0.09059233449477352,0.14285714285714285,0.020905923344947737,0.13937282229965156,0.18815331010452965,0.20905923344947736,0.003484320557491289,0.20557491289198607
0.3230769230769231,0.05128205128205128,0.015384615384615384,0.3333333333333333,0.07692307692307693,0.005128205128205128,0.08717948717948718,0.1076923076923077
0.07913669064748201,0.15827338129496402,0.02517985611510792,0.1474820143884892,0.18345323741007194,0.22302158273381287,0.0035971223021582736,0.17985611510791366
0.3225806451612903,0.03225806451612903,0.021505376344086027,0.3494623655913979,0.05913978494623656,0.005376344086021507,0.07526881720430108,0.13440860215053765
0.0711864406779661,0.13898305084745766,0.04067796610169491,0.15932203389830507,0.19322033898305085,0.2271186440677966,0.003389830508474576,0.16610169491525426
0.31088082901554404,0.0051813471502590676,0.031088082901554407,0.35751295336787564,0.056994818652849735,0.010362694300518135,0.09844559585492227,0.12953367875647667
0.08588957055214724,0.1441717791411043,0.03680981595092025,0.1687116564417178,0.18098159509202447,0.2116564417177914,0.003067484662576687,0.1687116564417178
0.33695652173913043,0.016304347826086956,0.010869565217391304,0.3532608695652174,0.05434782608695652,0.005434782608695652,0.07608695652173914,0.14673913043478262
0.09169054441260743,0.1489971346704871,0.051575931232091685,0.17191977077363896,0.17765042979942694,0.2063037249283668,0.0028653295128939827,0.1489971346704871
0.3485714285714286,0.04,0.045714285714285714,0.3085714285714285,0.028571428571428567,0.005714285714285714,0.07428571428571429,0.14857142857142858
0.0868421052631579,0.15,0.05789473684210526,0.16842105263157894,0.17105263157894735,0.2,0.002631578947368421,0.1631578947368421
0.34177215189873417,0.05063291139240506,0.05063291139240506,0.2721518987341772,0.05063291139240506,0.006329113924050633,0.06962025316455696,0.15822784810126586
0.10554089709762532,0.1503957783641161,0.060686015831134574,0.15831134564643806,0.1662269129287599,0.19788918205804748,0.0026385224274406327,0.15831134564643806
0.3248407643312102,0.050955414012738856,0.050955414012738856,0.2802547770700637,0.050955414012738856,0.006369426751592357,0.07006369426751592,0.16560509554140124
0.11398963730569947,0.16321243523316062,0.06476683937823834,0.16321243523316062,0.14766839378238342,0.19170984455958548,0.0025906735751295338,0.15284974093264247
0.33974358974358976,0.0576923076923077,0.02564102564102564,0.28846153846153844,0.00641025641025641,0.02564102564102564,0.0641025641025641,0.19230769230769232
0.13075060532687652,0.162227602905569,0.05569007263922518,0.15012106537530268,0.1549636803874092,0.1937046004842615,0.0024213075060532693,0.15012106537530268
0.3216374269005848,0.08771929824561403,0.03508771929824561,0.2573099415204678,0.04093567251461988,0.005847953216374269,0.07017543859649122,0.1812865497076024
0.12871287128712872,0.16336633663366334,0.04702970297029703,0.13861386138613865,0.150990099009901,0.20544554455445546,0.0024752475247524753,0.16336633663366334
0.3225806451612903,0.06989247311827956,0.016129032258064516,0.2258064516129032,0.06989247311827956,0.005376344086021507,0.1021505376344086,0.1881720430107527
0.13348946135831385,0.1686182669789227,0.03747072599531616,0.1405152224824356,0.14988290398126464,0.1990632318501171,0.00234192037470726,0.1686182669789227
0.32432432432432434,0.07027027027027027,0.03783783783783784,0.23243243243243245,0.054054054054054064,0.0054054054054054074,0.08648648648648649,0.1891891891891892
0.11777777777777775,0.17555555555555555,0.04666666666666667,0.14,0.14888888888888888,0.19777777777777766,0.0022222222222222227,0.1711111111111111
0.3881578947368421,0.09210526315789473,0.03947368421052632,0.21052631578947367,0.006578947368421052,0.006578947368421052,0.05263157894736842,0.20394736842105265
0.12240184757505773,0.17321016166281755,0.04618937644341802,0.13625866050808313,0.13394919168591224,0.21247113163972287,0.002309468822170901,0.17321016166281755
0.3452914798206278,0.10762331838565024,0.05381165919282512,0.18385650224215247,0.004484304932735426,0.06726457399103139,0.05829596412556054,0.17937219730941706
0.11778846153846155,0.17548076923076922,0.0625,0.125,0.1346153846153846,0.21153846153846154,0.002403846153846154,0.17067307692307693
0.3603603603603603,0.0990990990990991,0.040540540540540536,0.17117117117117114,0.0045045045045045045,0.06756756756756757,0.08108108108108109,0.17567567567567569
0.11302211302211305,0.17444717444717445,0.054054054054054064,0.13022113022113022,0.14250614250614252,0.21375921375921367,0.002457002457002457,0.16953316953316952
0.3768844221105528,0.11557788944723618,0.035175879396984924,0.1507537688442211,0.005025125628140704,0.05025125628140704,0.06030150753768844,0.20603015075376885
0.1111111111111111,0.1693121693121693,0.04497354497354497,0.1402116402116402,0.14814814814814814,0.2037037037037037,0.002645502645502645,0.17989417989417988
0.4175824175824176,0.0934065934065934,0.016483516483516484,0.14835164835164835,0.005494505494505495,0.01098901098901099,0.08241758241758243,0.2252747252747253
0.09610389610389612,0.17922077922077922,0.06233766233766234,0.14025974025974025,0.15324675324675324,0.2,0.002597402597402597,0.16623376623376626
0.40375586854460094,0.09389671361502347,0.004694835680751174,0.13615023474178406,0.004694835680751174,0.03286384976525822,0.11737089201877934,0.20657276995305165
