001,002,003,004,005,006,008,009
0.005434782608695652,0.10869565217391304,0.1358695652173913,0.17391304347826084,0.005434782608695652,0.06521739130434782,0.266304347826087,0.2391304347826087
0.010471204188481676,0.13612565445026178,0.1099476439790576,0.18848167539267016,0.005235602094240838,0.07329842931937172,0.2513089005235602,0.225130890052356
0.2020460358056266,0.09718670076726342,0.0639386189258312,0.09718670076726342,0.1815856777493606,0.0025575447570332483,0.10997442455242967,0.24552429667519185
0.004464285714285714,0.15625,0.08482142857142858,0.19642857142857145,0.017857142857142856,0.06696428571428571,0.25,0.22321428571428573
0.2094240837696335,0.10471204188481677,0.06806282722513089,0.10471204188481677,0.17539267015706805,0.002617801047120419,0.09162303664921466,0.24345549738219896
0.20911528150134048,0.09919571045576407,0.07506702412868632,0.1099195710455764,0.16353887399463807,0.0026809651474530827,0.08042895442359249,0.2600536193029491
0.045045045045045036,0.16666666666666666,0.07207207207207207,0.19369369369369369,0.0045045045045045045,0.045045045045045036,0.2252252252252253,0.2477477477477477
0.20297029702970296,0.11386138613861388,0.08415841584158416,0.10148514851485148,0.16336633663366334,0.0024752475247524753,0.07425742574257425,0.25742574257425743
0.015228426395939087,0.14720812182741114,0.0964467005076142,0.20812182741116755,0.005076142131979695,0.05583756345177665,0.2233502538071066,0.2487309644670051
0.20286396181384247,0.12410501193317422,0.0883054892601432,0.10501193317422436,0.15990453460620524,0.002386634844868735,0.06443914081145585,0.2529832935560859
0.040697674418604654,0.1511627906976744,0.0755813953488372,0.2558139534883721,0.005813953488372093,0.017441860465116282,0.20930232558139536,0.2441860465116279
0.19004524886877827,0.12895927601809956,0.08597285067873303,0.11312217194570134,0.167420814479638,0.0022624434389140274,0.06787330316742081,0.2443438914027149
0.0410958904109589,0.1598173515981735,0.0958904109589041,0.2465753424657534,0.0045662100456621,0.0228310502283105,0.1872146118721461,0.2420091324200913
0.20048899755501226,0.13691931540342298,0.07334963325183375,0.10757946210268947,0.15892420537897312,0.002444987775061125,0.06601466992665038,0.254278728606357
0.009174311926605505,0.1559633027522936,0.11009174311926606,0.25229357798165136,0.004587155963302753,0.041284403669724766,0.1834862385321101,0.2431192660550459
0.1921296296296296,0.14583333333333334,0.08333333333333333,0.11574074074074076,0.1574074074074074,0.0023148148148148147,0.06481481481481481,0.238425925925926
0.004016064257028112,0.1566265060240964,0.14056224899598393,0.2530120481927711,0.012048192771084338,0.01606425702811245,0.1927710843373494,0.2248995983935743
0.1934065934065934,0.13406593406593406,0.08791208791208792,0.13626373626373625,0.14505494505494507,0.0021978021978021982,0.06813186813186813,0.2329670329670329
0.018382352941176468,0.16544117647058826,0.14338235294117646,0.2389705882352941,0.0036764705882352936,0.011029411764705885,0.19852941176470587,0.22058823529411764
0.1966824644549763,0.13270142180094788,0.08293838862559241,0.14691943127962084,0.15639810426540285,0.0023696682464454982,0.05687203791469194,0.22511848341232227
0.2042755344418052,0.1330166270783848,0.08788598574821853,0.13539192399049882,0.16152019002375298,0.0023752969121140144,0.0665083135391924,0.20902612826603328
0.026402640264026403,0.18151815181518152,0.1419141914191419,0.2244224422442244,0.0165016501650165,0.0033003300330033004,0.19471947194719472,0.2112211221122112
0.2009345794392524,0.13317757009345793,0.09813084112149532,0.1378504672897196,0.1542056074766355,0.002336448598130841,0.07476635514018691,0.1985981308411215
9603.0,,,,,,,
0.021052631578947368,0.19298245614035087,0.14385964912280702,0.2385964912280701,0.003508771929824561,0.014035087719298246,0.19298245614035087,0.19298245614035087
0.19413092550790068,0.13318284424379231,0.1038374717832957,0.13318284424379231,0.15349887133182846,0.002257336343115124,0.07674943566591423,0.2031602708803612
0.017605633802816902,0.1936619718309859,0.15845070422535212,0.25,0.0035211267605633804,0.0035211267605633804,0.18309859154929573,0.19014084507042253
0.20046082949308755,0.1382488479262673,0.10829493087557604,0.1382488479262673,0.1543778801843318,0.002304147465437788,0.06682027649769585,0.1912442396313364
0.02064896755162242,0.17994100294985252,0.16814159292035402,0.224188790560472,0.002949852507374631,0.029498525073746312,0.1887905604719764,0.18584070796460173
0.20048899755501226,0.14180929095354522,0.1100244498777506,0.1271393643031785,0.15892420537897312,0.002444987775061125,0.06356968215158924,0.19559902200489004
0.03513513513513514,0.17297297297297298,0.14324324324324325,0.20810810810810806,0.0027027027027027037,0.05675675675675676,0.1972972972972973,0.1837837837837838
0.19900497512437806,0.12935323383084574,0.11691542288557212,0.13432835820895522,0.16417910447761194,0.0024875621890547268,0.05970149253731344,0.19402985074626866
0.0332409972299169,0.1772853185595568,0.1440443213296399,0.2077562326869806,0.002770083102493075,0.036011080332409975,0.1994459833795014,0.1994459833795014
0.20199501246882792,0.12967581047381546,0.12718204488778054,0.1321695760598504,0.16708229426433915,0.002493765586034913,0.054862842892768084,0.18453865336658354
0.04076086956521738,0.1766304347826087,0.14945652173913046,0.1983695652173913,0.002717391304347826,0.03260869565217391,0.2065217391304348,0.19293478260869565
0.21693121693121686,0.13227513227513227,0.09788359788359788,0.13227513227513227,0.17195767195767195,0.002645502645502645,0.0582010582010582,0.18783068783068785
0.03283582089552239,0.1761194029850746,0.15223880597014924,0.20597014925373133,0.0029850746268656717,0.020895522388059702,0.20895522388059687,0.2
0.2285714285714285,0.13766233766233765,0.09090909090909093,0.12207792207792208,0.17402597402597406,0.002597402597402597,0.06493506493506493,0.17922077922077922
0.05191256830601093,0.1830601092896175,0.15846994535519127,0.185792349726776,0.00273224043715847,0.02459016393442624,0.1885245901639344,0.20491803278688525
0.22,0.1425,0.085,0.125,0.1775,0.0025,0.0725,0.175
0.06027397260273973,0.16986301369863013,0.15342465753424658,0.1863013698630137,0.0027397260273972607,0.030136986301369864,0.19452054794520549,0.2027397260273973
0.2360742705570292,0.14588859416445624,0.08222811671087532,0.1220159151193634,0.18037135278514588,0.002652519893899204,0.06631299734748011,0.16445623342175067
0.0391566265060241,0.17771084337349394,0.14759036144578316,0.1987951807228916,0.0030120481927710845,0.021084337349397592,0.1927710843373494,0.21987951807228914
0.2585227272727273,0.15056818181818182,0.07954545454545454,0.12215909090909093,0.16761363636363635,0.002840909090909091,0.05397727272727273,0.16477272727272727
0.035598705501618116,0.18446601941747573,0.1423948220064725,0.18770226537216828,0.0032362459546925572,0.016181229773462782,0.2006472491909385,0.2297734627831715
0.2653061224489796,0.12244897959183673,0.07871720116618076,0.12244897959183673,0.16909620991253646,0.002915451895043732,0.0728862973760933,0.1661807580174927
0.05389221556886229,0.16467065868263472,0.12874251497005987,0.18862275449101795,0.0029940119760479052,0.026946107784431145,0.2155688622754491,0.21856287425149687
0.2648809523809524,0.13095238095238096,0.08035714285714286,0.11607142857142858,0.17857142857142858,0.002976190476190476,0.06845238095238096,0.15773809523809526
0.04651162790697674,0.1827242524916944,0.11295681063122925,0.19269102990033224,0.003322259136212625,0.02325581395348837,0.19933554817275748,0.2392026578073089
0.2506811989100817,0.1335149863760218,0.08174386920980926,0.12534059945504086,0.1771117166212534,0.0027247956403269754,0.08446866485013624,0.1444141689373297
0.02985074626865672,0.1977611940298508,0.1082089552238806,0.17537313432835822,0.011194029850746268,0.00373134328358209,0.2126865671641791,0.26119402985074625
0.24630541871921185,0.1330049261083744,0.08866995073891626,0.13054187192118227,0.16502463054187191,0.0024630541871921183,0.09113300492610836,0.14285714285714285
0.03180212014134275,0.1872791519434629,0.1236749116607774,0.1696113074204947,0.00353356890459364,0.00706713780918728,0.215547703180212,0.2614840989399293
0.2414698162729659,0.14435695538057744,0.08661417322834647,0.13648293963254593,0.1679790026246719,0.0026246719160104987,0.07874015748031496,0.14173228346456693
0.050955414012738856,0.1847133757961784,0.12738853503184713,0.16560509554140124,0.01592356687898089,0.0031847133757961785,0.1942675159235669,0.25796178343949044
0.25,0.14948453608247422,0.08762886597938144,0.13659793814432988,0.16752577319587628,0.002577319587628866,0.07216494845360824,0.13402061855670105
0.0594900849858357,0.18696883852691207,0.1501416430594901,0.14730878186968838,0.031161473087818695,0.0028328611898017,0.18980169971671387,0.2322946175637393
0.24289405684754525,0.1524547803617571,0.08527131782945736,0.12661498708010335,0.17054263565891473,0.002583979328165375,0.07235142118863049,0.14728682170542634
0.05952380952380953,0.20535714285714285,0.15773809523809526,0.15178571428571427,0.029761904761904764,0.002976190476190476,0.17261904761904762,0.2202380952380953
0.24585635359116026,0.15469613259668508,0.0856353591160221,0.12430939226519334,0.16574585635359115,0.0027624309392265192,0.06629834254143646,0.15469613259668508
0.058666666666666666,0.19733333333333333,0.152,0.14933333333333335,0.055999999999999994,0.0026666666666666666,0.17866666666666667,0.2053333333333333
0.2493368700265252,0.14854111405835546,0.08222811671087532,0.11671087533156504,0.16180371352785147,0.002652519893899204,0.07427055702917773,0.16445623342175067
0.04891304347826087,0.1983695652173913,0.14673913043478262,0.1358695652173913,0.06521739130434782,0.002717391304347826,0.18478260869565216,0.21739130434782608
0.24056603773584906,0.14386792452830188,0.09433962264150944,0.12028301886792453,0.14858490566037735,0.0023584905660377358,0.08018867924528301,0.16981132075471694
0.055999999999999994,0.20266666666666666,0.14933333333333335,0.13866666666666666,0.06133333333333332,0.0026666666666666666,0.18133333333333326,0.20800000000000002
0.2634271099744245,0.1278772378516624,0.09462915601023016,0.12020460358056265,0.15089514066496162,0.0025575447570332483,0.06905370843989769,0.17135549872122766
0.056650246305418726,0.1921182266009852,0.15517241379310345,0.1330049261083744,0.07389162561576355,0.0024630541871921183,0.1748768472906404,0.21182266009852216
0.25935828877005346,0.11497326203208555,0.106951871657754,0.1176470588235294,0.1711229946524064,0.00267379679144385,0.06149732620320856,0.1657754010695187
0.033766233766233764,0.2025974025974026,0.15324675324675324,0.14545454545454545,0.06753246753246753,0.002597402597402597,0.1844155844155844,0.2103896103896104
0.2767123287671233,0.11506849315068493,0.10410958904109588,0.10136986301369864,0.1726027397260274,0.0027397260273972607,0.05753424657534247,0.16986301369863013
0.021164021164021163,0.20899470899470896,0.15343915343915346,0.12962962962962962,0.07671957671957673,0.002645502645502645,0.17989417989417988,0.2275132275132275
0.26153846153846155,0.11794871794871795,0.11025641025641024,0.1,0.15384615384615385,0.002564102564102564,0.07179487179487179,0.18205128205128204
0.013550135501355014,0.20596205962059624,0.14363143631436315,0.13279132791327913,0.08943089430894309,0.002710027100271003,0.17615176151761516,0.23577235772357724
0.2716049382716049,0.1259259259259259,0.10617283950617283,0.09876543209876544,0.145679012345679,0.0024691358024691358,0.06419753086419754,0.1851851851851852
0.010204081632653059,0.20918367346938774,0.1326530612244898,0.13520408163265307,0.10714285714285714,0.0025510204081632647,0.17346938775510204,0.2295918367346939
0.27380952380952384,0.13095238095238096,0.09821428571428573,0.09226190476190477,0.14285714285714285,0.002976190476190476,0.05654761904761905,0.2023809523809524
0.01278772378516624,0.1994884910485933,0.14578005115089515,0.12276214833759592,0.10741687979539642,0.0025575447570332483,0.17902813299232734,0.2301790281329923
0.2568807339449541,0.11314984709480122,0.0948012232415902,0.11314984709480122,0.1651376146788991,0.003058103975535168,0.05504587155963303,0.19877675840978595
0.005128205128205128,0.19230769230769232,0.1564102564102564,0.1153846153846154,0.11025641025641024,0.002564102564102564,0.18461538461538465,0.2333333333333333
0.271523178807947,0.11589403973509932,0.07615894039735101,0.11920529801324505,0.16887417218543047,0.0033112582781456954,0.046357615894039736,0.1986754966887417
0.005249343832020997,0.1679790026246719,0.14960629921259844,0.12335958005249345,0.11811023622047245,0.0026246719160104987,0.1942257217847769,0.2388451443569554
0.28771929824561404,0.1087719298245614,0.08070175438596491,0.1263157894736842,0.16842105263157894,0.003508771929824561,0.014035087719298246,0.21052631578947367
0.002577319587628866,0.16494845360824742,0.15463917525773194,0.1211340206185567,0.1211340206185567,0.002577319587628866,0.19329896907216496,0.2396907216494845
0.2945205479452055,0.1095890410958904,0.08561643835616438,0.11643835616438356,0.15753424657534246,0.003424657534246575,0.023972602739726026,0.2089041095890411
0.0026385224274406327,0.1662269129287599,0.16358839050131924,0.10817941952506596,0.11345646437994725,0.0052770448548812654,0.20580474934036933,0.2348284960422164
0.303886925795053,0.1166077738515901,0.07773851590106008,0.12014134275618375,0.1413427561837456,0.00353356890459364,0.0176678445229682,0.21908127208480568
0.012690355329949237,0.1598984771573604,0.16751269035532995,0.11421319796954316,0.10406091370558376,0.0025380710659898475,0.2131979695431472,0.2258883248730965
0.30656934306569344,0.10948905109489053,0.08029197080291971,0.09854014598540146,0.16423357664233576,0.0036496350364963507,0.010948905109489052,0.2262773722627737
0.002309468822170901,0.15704387990762125,0.16628175519630484,0.12471131639722866,0.11316397228637412,0.020785219399538105,0.19861431870669746,0.21709006928406466
0.3238434163701068,0.07829181494661921,0.08540925266903915,0.09608540925266904,0.17437722419928825,0.014234875444839857,0.0035587188612099642,0.22419928825622776
0.0025380710659898475,0.17258883248730966,0.1700507614213198,0.1218274111675127,0.10913705583756343,0.005076142131979695,0.19796954314720813,0.22081218274111675
0.35546875,0.07421875,0.0703125,0.07421875,0.18359375,0.01171875,0.00390625,0.2265625
0.002493765586034913,0.1596009975062344,0.18703241895261846,0.1197007481296758,0.09975062344139653,0.004987531172069825,0.2144638403990025,0.2119700748129676
0.3498098859315589,0.08365019011406842,0.07224334600760456,0.07604562737642585,0.16730038022813687,0.02281368821292776,0.0038022813688212928,0.22433460076045628
0.007352941176470587,0.16666666666666666,0.18872549019607845,0.125,0.08823529411764706,0.0024509803921568627,0.2058823529411765,0.215686274509804
0.34444444444444444,0.08888888888888889,0.08518518518518517,0.0962962962962963,0.15555555555555556,0.018518518518518517,0.003703703703703704,0.2074074074074074
0.025056947608200455,0.18223234624145787,0.1867881548974943,0.1184510250569476,0.08428246013667426,0.002277904328018223,0.19362186788154886,0.2072892938496583
0.3714285714285713,0.08571428571428573,0.061224489795918366,0.07755102040816328,0.15918367346938775,0.012244897959183671,0.004081632653061225,0.2285714285714285
0.0397489539748954,0.1694560669456067,0.18410041841004185,0.12761506276150628,0.08368200836820082,0.0020920502092050207,0.196652719665272,0.196652719665272
0.3690476190476191,0.0873015873015873,0.05952380952380953,0.07539682539682539,0.14682539682539686,0.023809523809523808,0.003968253968253968,0.2341269841269841
0.039735099337748346,0.15011037527593818,0.196467991169978,0.12362030905077265,0.08609271523178808,0.002207505518763797,0.2052980132450331,0.196467991169978
0.3636363636363637,0.08300395256916998,0.06324110671936757,0.06719367588932806,0.1383399209486166,0.03952569169960474,0.003952569169960474,0.2411067193675889
0.36538461538461536,0.07307692307692308,0.05384615384615385,0.06538461538461539,0.11923076923076925,0.06538461538461539,0.003846153846153847,0.25384615384615383
0.032520325203252036,0.15040650406504066,0.18902439024390244,0.12804878048780488,0.0934959349593496,0.002032520325203252,0.20934959349593496,0.1951219512195122
0.4298642533936652,0.06787330316742081,0.027149321266968326,0.08144796380090498,0.12669683257918551,0.01809954751131222,0.004524886877828055,0.2443438914027149
0.05118829981718465,0.15356489945155394,0.17915904936014626,0.12614259597806216,0.09506398537477148,0.0018281535648994515,0.20292504570383912,0.19012797074954296
0.4336734693877551,0.0663265306122449,0.020408163265306117,0.07653061224489796,0.10714285714285714,0.025510204081632654,0.005102040816326529,0.2653061224489796
0.04873646209386282,0.15703971119133575,0.17870036101083034,0.11913357400722024,0.09566787003610107,0.0018050541516245488,0.2093862815884477,0.1895306859205776
0.4,0.08837209302325581,0.009302325581395349,0.06511627906976744,0.12093023255813952,0.04186046511627907,0.004651162790697674,0.26976744186046514
0.05321100917431193,0.14495412844036698,0.1889908256880734,0.11376146788990825,0.09724770642201837,0.0018348623853211008,0.2073394495412844,0.1926605504587156
0.375,0.08796296296296298,0.032407407407407406,0.06944444444444445,0.13425925925925927,0.032407407407407406,0.0046296296296296285,0.2638888888888889
0.05597014925373135,0.1455223880597015,0.19402985074626866,0.11007462686567164,0.1044776119402985,0.001865671641791045,0.21082089552238809,0.17723880597014927
0.3856502242152465,0.09865470852017937,0.004484304932735426,0.05381165919282512,0.15695067264573992,0.04932735426008968,0.01345291479820628,0.2376681614349776
0.05400372439478585,0.15456238361266295,0.2048417132216015,0.10614525139664804,0.10614525139664804,0.00186219739292365,0.20297951582867785,0.16945996275605213
0.383495145631068,0.0825242718446602,0.024271844660194167,0.06310679611650485,0.17475728155339804,0.03883495145631068,0.0048543689320388345,0.22815533980582525
0.0711743772241993,0.15302491103202848,0.199288256227758,0.09608540925266904,0.10676156583629894,0.0017793594306049821,0.20106761565836287,0.1708185053380783
0.4198895027624309,0.055248618784530384,0.011049723756906077,0.06629834254143646,0.1712707182320442,0.027624309392265192,0.0055248618784530384,0.2430939226519337
0.07027027027027027,0.14054054054054055,0.2072072072072072,0.1009009009009009,0.1063063063063063,0.0018018018018018016,0.2018018018018018,0.17117117117117114
0.4137931034482759,0.05747126436781608,0.02298850574712644,0.06896551724137931,0.14942528735632185,0.03448275862068965,0.005747126436781609,0.2471264367816092
0.07679180887372014,0.14505119453924914,0.1962457337883959,0.10068259385665528,0.10580204778156996,0.0017064846416382253,0.1996587030716724,0.17406143344709898
0.4276729559748428,0.0880503144654088,0.025157232704402517,0.0440251572327044,0.14465408805031446,0.03773584905660377,0.006289308176100629,0.22641509433962265
0.09004739336492891,0.14375987361769352,0.1943127962085308,0.10268562401263824,0.09794628751974724,0.001579778830963665,0.19273301737756715,0.1769352290679305
0.4010989010989011,0.08241758241758243,0.01098901098901099,0.06593406593406594,0.17582417582417584,0.04945054945054945,0.005494505494505495,0.2087912087912088
0.0946372239747634,0.14826498422712933,0.19558359621451105,0.09305993690851737,0.09621451104100946,0.0015772870662460567,0.19558359621451105,0.1750788643533123
0.3812154696132597,0.0718232044198895,0.016574585635359115,0.055248618784530384,0.16574585635359115,0.06629834254143646,0.0055248618784530384,0.2375690607734807
0.09172932330827067,0.15037593984962405,0.18947368421052632,0.09924812030075188,0.09774436090225563,0.001503759398496241,0.19398496240601504,0.17593984962406015
0.4011627906976744,0.02906976744186046,0.005813953488372093,0.0755813953488372,0.1569767441860465,0.05232558139534884,0.017441860465116282,0.2616279069767442
0.08676470588235294,0.15,0.1941176470588236,0.09705882352941177,0.1,0.0014705882352941176,0.19117647058823528,0.17941176470588235
0.3756906077348066,0.03314917127071823,0.011049723756906077,0.06629834254143646,0.1712707182320442,0.08287292817679558,0.0055248618784530384,0.2541436464088398
0.09131075110456552,0.15316642120765833,0.187039764359352,0.09572901325478646,0.10603829160530193,0.0014727540500736375,0.1885125184094256,0.17673048600883653
0.35714285714285715,0.040816326530612235,0.005102040816326529,0.08163265306122447,0.15816326530612246,0.09183673469387756,0.015306122448979591,0.25
0.09654178674351584,0.15706051873198848,0.1844380403458213,0.10086455331412104,0.10806916426512968,0.001440922190201729,0.1873198847262248,0.1642651296829971
0.3903743315508021,0.0481283422459893,0.0053475935828877,0.053475935828877004,0.15508021390374332,0.09090909090909093,0.016042780748663103,0.2406417112299465
0.09026798307475316,0.15796897038081806,0.1847672778561354,0.11001410437235544,0.1086036671368124,0.0014104372355430185,0.1847672778561354,0.1622002820874471
0.35148514851485146,0.06930693069306931,0.054455445544554455,0.04455445544554455,0.12871287128712872,0.10396039603960396,0.0049504950495049506,0.2425742574257425
0.08857142857142856,0.15571428571428572,0.18428571428571427,0.10857142857142857,0.11142857142857143,0.0014285714285714286,0.19,0.16
0.3475935828877005,0.10160427807486633,0.0748663101604278,0.0053475935828877,0.1657754010695187,0.08021390374331551,0.0053475935828877,0.2192513368983957
0.07959479015918958,0.1548480463096961,0.1837916063675832,0.11432706222865413,0.11287988422575974,0.0014471780028943561,0.1939218523878437,0.15918958031837915
0.3415841584158416,0.10396039603960396,0.08415841584158416,0.01485148514851485,0.16831683168316833,0.0594059405940594,0.0049504950495049506,0.2227722772277228
0.07446808510638298,0.1519756838905775,0.1838905775075988,0.11246200607902736,0.1094224924012158,0.001519756838905775,0.20364741641337386,0.16261398176291794
0.3422222222222222,0.11555555555555555,0.10666666666666667,0.013333333333333334,0.1511111111111111,0.04444444444444445,0.004444444444444445,0.2222222222222222
0.0654490106544901,0.1567732115677321,0.1872146118721461,0.1202435312024353,0.1111111111111111,0.0015220700152207,0.1993911719939117,0.1582952815829528
0.3663366336633663,0.12376237623762375,0.08415841584158416,0.02475247524752476,0.15841584158415842,0.0396039603960396,0.0049504950495049506,0.19801980198019808
0.075,0.15588235294117647,0.18382352941176472,0.13088235294117648,0.11323529411764705,0.0014705882352941176,0.1897058823529412,0.15
0.3511111111111111,0.13777777777777778,0.08444444444444445,0.004444444444444445,0.18222222222222226,0.04444444444444445,0.022222222222222227,0.17333333333333334
0.07714701601164484,0.14992721979621546,0.1848617176128093,0.13100436681222707,0.11062590975254732,0.001455604075691412,0.1965065502183406,0.14847161572052406
0.3701923076923077,0.12980769230769232,0.09134615384615384,0.004807692307692308,0.1875,0.009615384615384616,0.019230769230769232,0.1875
0.07142857142857142,0.15306122448979592,0.1836734693877551,0.13556851311953352,0.10932944606413994,0.001457725947521866,0.20408163265306128,0.14139941690962102
0.387434554973822,0.14136125654450266,0.07853403141361258,0.020942408376963352,0.14659685863874344,0.015706806282722512,0.005235602094240838,0.20418848167539266
0.0697350069735007,0.15202231520223153,0.18270571827057186,0.13807531380753138,0.1101813110181311,0.0013947001394700141,0.199442119944212,0.14644351464435146
0.3939393939393939,0.13131313131313133,0.101010101010101,0.020202020202020204,0.13131313131313133,0.03535353535353535,0.005050505050505051,0.18181818181818185
0.07456140350877193,0.1476608187134503,0.1915204678362573,0.13450292397660818,0.1023391812865497,0.0014619883040935672,0.20175438596491227,0.14619883040935672
0.44508670520231214,0.08092485549132948,0.08670520231213873,0.02890173410404624,0.13872832369942195,0.0057803468208092465,0.0057803468208092465,0.20809248554913296
0.0815450643776824,0.1473533619456366,0.1888412017167382,0.13590844062947066,0.10586552217453506,0.001430615164520744,0.1931330472103004,0.1459227467811159
0.4030612244897959,0.0663265306122449,0.10714285714285714,0.051020408163265314,0.14285714285714285,0.020408163265306117,0.005102040816326529,0.20408163265306128
0.0821529745042493,0.14589235127478753,0.19830028328611896,0.13031161473087818,0.10339943342776203,0.00141643059490085,0.19121813031161472,0.14730878186968838
0.08085106382978724,0.14468085106382975,0.2,0.13191489361702127,0.10070921985815603,0.0014184397163120568,0.1971631205673759,0.14326241134751774
0.3561643835616438,0.0776255707762557,0.1141552511415525,0.0639269406392694,0.1232876712328767,0.0045662100456621,0.0410958904109589,0.2191780821917808
0.07758620689655173,0.14511494252873566,0.1968390804597701,0.1307471264367816,0.10632183908045977,0.0014367816091954025,0.1939655172413793,0.14798850574712644
0.3910891089108911,0.06435643564356436,0.10396039603960396,0.06930693069306931,0.099009900990099,0.0049504950495049506,0.0396039603960396,0.2277227722772277
0.07625899280575539,0.15251798561151078,0.19568345323741007,0.12805755395683452,0.1079136690647482,0.0014388489208633096,0.1856115107913669,0.15251798561151078
0.312280701754386,0.0912280701754386,0.12280701754385966,0.09473684210526316,0.11228070175438597,0.003508771929824561,0.05263157894736842,0.21052631578947367
0.07692307692307693,0.16096866096866094,0.19373219373219366,0.11965811965811965,0.11396011396011395,0.0014245014245014244,0.18945868945868946,0.14387464387464388
0.2979452054794521,0.07876712328767123,0.1232876712328767,0.11301369863013698,0.1267123287671233,0.003424657534246575,0.05821917808219178,0.19863013698630136
0.08039492242595205,0.15514809590973205,0.2016925246826516,0.11988716502115655,0.11706629055007052,0.0014104372355430185,0.1847672778561354,0.13963328631875882
0.2691029900332226,0.09302325581395347,0.12624584717607973,0.11960132890365448,0.1362126245847176,0.003322259136212625,0.05647840531561463,0.19601328903654489
0.08288770053475936,0.15641711229946526,0.2005347593582888,0.12566844919786094,0.1109625668449198,0.001336898395721925,0.18181818181818185,0.14037433155080214
0.2835820895522388,0.08208955223880597,0.08208955223880597,0.13432835820895522,0.1455223880597015,0.00373134328358209,0.05970149253731344,0.20895522388059687
0.08767471410419314,0.15756035578144853,0.19695044472681067,0.12452350698856415,0.11054637865311308,0.0012706480304955528,0.18043202033036848,0.14104193138500634
0.2621359223300971,0.0970873786407767,0.07766990291262135,0.13268608414239486,0.14563106796116504,0.0032362459546925572,0.06472491909385113,0.2168284789644013
0.09012345679012346,0.15679012345679014,0.1938271604938272,0.12222222222222222,0.1148148148148148,0.0012345679012345679,0.17407407407407408,0.1469135802469136
0.2672955974842767,0.10062893081761007,0.08490566037735849,0.1320754716981132,0.13836477987421386,0.0031446540880503146,0.07232704402515723,0.20125786163522014
0.08236808236808238,0.15315315315315314,0.1969111969111969,0.12226512226512225,0.11583011583011585,0.001287001287001287,0.1788931788931789,0.1492921492921493
0.2807017543859649,0.10175438596491228,0.08771929824561403,0.1368421052631579,0.11578947368421053,0.003508771929824561,0.06315789473684211,0.21052631578947367
0.08505154639175258,0.14690721649484534,0.19458762886597936,0.12886597938144329,0.11597938144329895,0.001288659793814433,0.18041237113402064,0.14690721649484534
0.2733333333333333,0.10333333333333332,0.09666666666666666,0.13666666666666666,0.10333333333333332,0.0033333333333333327,0.08,0.20333333333333334
0.09290322580645162,0.1393548387096774,0.1935483870967742,0.12516129032258064,0.11870967741935486,0.0012903225806451613,0.17935483870967742,0.14967741935483872
0.2631578947368421,0.10526315789473684,0.08668730650154799,0.1393188854489164,0.11145510835913312,0.0030959752321981426,0.07120743034055728,0.21981424148606807
0.09582309582309582,0.14496314496314494,0.19533169533169534,0.1203931203931204,0.1167076167076167,0.0012285012285012285,0.18058968058968056,0.14496314496314494
0.25555555555555554,0.125,0.08611111111111111,0.1361111111111111,0.11388888888888887,0.0027777777777777783,0.06111111111111111,0.21944444444444444
0.09535759096612297,0.14052697616060225,0.20451693851944794,0.1204516938519448,0.11668757841907153,0.0012547051442910915,0.17691342534504392,0.14429109159347553
0.2468193384223919,0.1246819338422392,0.08396946564885496,0.14249363867684478,0.11704834605597965,0.002544529262086514,0.05852417302798984,0.22391857506361326
0.10074626865671643,0.1455223880597015,0.2064676616915423,0.11069651741293532,0.11318407960199005,0.0012437810945273634,0.17661691542288555,0.1455223880597015
0.2388059701492537,0.12437810945273632,0.08706467661691543,0.13930348258706468,0.11940298507462685,0.0024875621890547268,0.06467661691542287,0.22388059701492533
0.09439124487004104,0.14500683994528046,0.20930232558139536,0.11080711354309164,0.11080711354309164,0.001367989056087551,0.18467852257181944,0.1436388508891929
0.2360801781737193,0.12694877505567928,0.08685968819599109,0.14253897550111358,0.11804008908685967,0.0022271714922049,0.0779510022271715,0.20935412026726047
0.0958904109589041,0.136986301369863,0.2068493150684932,0.11095890410958904,0.1095890410958904,0.0013698630136986301,0.18904109589041096,0.14931506849315068
0.2464114832535885,0.13157894736842105,0.0861244019138756,0.14114832535885166,0.11483253588516748,0.0023923444976076554,0.07416267942583732,0.20334928229665072
0.09431345353675452,0.14147018030513175,0.20665742024965325,0.10679611650485436,0.11095700416088766,0.0013869625520110955,0.188626907073509,0.14979195561719832
0.25060827250608275,0.12652068126520682,0.08759124087591241,0.1386861313868613,0.1119221411192214,0.0024330900243309003,0.07785888077858881,0.2043795620437956
0.08695652173913042,0.14402173913043478,0.20923913043478265,0.10869565217391304,0.11277173913043476,0.001358695652173913,0.19021739130434784,0.14673913043478262
0.2579185520361991,0.1176470588235294,0.09502262443438914,0.11990950226244344,0.11085972850678733,0.0022624434389140274,0.09276018099547513,0.20361990950226244
0.08979591836734692,0.1414965986394558,0.20680272108843534,0.11020408163265306,0.11836734693877553,0.0013605442176870747,0.18095238095238086,0.1510204081632653
0.26730310262529833,0.11933174224343675,0.10023866348448687,0.1026252983293556,0.1026252983293556,0.002386634844868735,0.09069212410501193,0.21479713603818607
0.07964601769911504,0.1504424778761062,0.20058997050147487,0.11061946902654868,0.11799410029498525,0.0014749262536873154,0.1873156342182891,0.15191740412979352
0.07197549770290965,0.15007656967840735,0.20673813169984687,0.10719754977029096,0.11791730474732008,0.0015313935681470134,0.1960183767228177,0.14854517611026033
0.0732484076433121,0.15764331210191082,0.21178343949044587,0.10031847133757962,0.11624203821656053,0.0015923566878980893,0.1910828025477707,0.1480891719745223
0.07496012759170652,0.16267942583732056,0.21850079744816586,0.1036682615629984,0.11642743221690592,0.001594896331738437,0.1881977671451356,0.1339712918660287
0.07424242424242425,0.15757575757575756,0.21515151515151515,0.10909090909090907,0.11666666666666667,0.0015151515151515152,0.1893939393939394,0.13636363636363635
0.08393632416787265,0.1548480463096961,0.2127351664254704,0.11432706222865413,0.11432706222865413,0.0014471780028943561,0.17510853835021709,0.14327062228654125
0.08452722063037249,0.15616045845272206,0.2163323782234957,0.11318051575931233,0.11031518624641834,0.0014326647564469914,0.16905444126074498,0.1489971346704871
0.07819548872180451,0.1593984962406015,0.2225563909774436,0.10977443609022557,0.11278195488721805,0.001503759398496241,0.16541353383458646,0.15037593984962405
0.075,0.15441176470588236,0.21764705882352944,0.1161764705882353,0.12058823529411765,0.0014705882352941176,0.16176470588235295,0.15294117647058825
0.0746054519368723,0.15925394548063124,0.21377331420373027,0.1176470588235294,0.12338593974175036,0.0014347202295552368,0.16212338593974174,0.14777618364418935
0.0800561797752809,0.15870786516853932,0.21629213483146068,0.1207865168539326,0.1207865168539326,0.001404494382022472,0.1601123595505618,0.14185393258426968
0.0785413744740533,0.16129032258064516,0.2131837307152875,0.11640953716690045,0.13043478260869565,0.001402524544179523,0.15427769985974754,0.14446002805049088
0.0800561797752809,0.15589887640449435,0.21207865168539325,0.1151685393258427,0.12921348314606745,0.001404494382022472,0.15730337078651685,0.14887640449438205
0.07952871870397643,0.1561119293078056,0.219440353460972,0.1134020618556701,0.12076583210603828,0.0014727540500736375,0.15463917525773194,0.15463917525773194
0.08256880733944955,0.1529051987767584,0.2278287461773701,0.11009174311926606,0.11926605504587155,0.001529051987767584,0.15902140672782875,0.14678899082568808
0.08196721311475409,0.15499254843517138,0.2295081967213115,0.10134128166915053,0.12667660208643816,0.0014903129657228018,0.16095380029806258,0.14307004470938894
0.07964601769911504,0.1592920353982301,0.2300884955752213,0.09292035398230088,0.13274336283185842,0.0014749262536873154,0.15781710914454278,0.14601769911504425
0.07391910739191074,0.15760111576011154,0.2273361227336123,0.10181311018131102,0.13668061366806136,0.0013947001394700141,0.15760111576011154,0.14365411436541142
0.07381615598885792,0.15041782729805014,0.22701949860724235,0.10167130919220056,0.1392757660167131,0.0013927576601671314,0.15877437325905291,0.14763231197771587
0.07445255474452554,0.145985401459854,0.2364963503649635,0.09635036496350363,0.14306569343065692,0.00145985401459854,0.15474452554744525,0.14744525547445256
0.07768361581920905,0.1440677966101695,0.2288135593220339,0.10028248587570622,0.1440677966101695,0.0014124293785310734,0.15677966101694915,0.14689265536723164
0.07959479015918958,0.14037626628075253,0.2301013024602026,0.10130246020260493,0.1447178002894356,0.0014471780028943561,0.1577424023154848,0.1447178002894356
0.08123249299719887,0.14145658263305322,0.22408963585434166,0.10364145658263306,0.14985994397759106,0.0014005602240896359,0.15546218487394958,0.14285714285714285
0.08321775312066575,0.14563106796116504,0.2191400832177532,0.10263522884882108,0.15256588072122051,0.0013869625520110955,0.1622746185852982,0.13314840499306518
0.08536585365853659,0.15040650406504066,0.2208672086720868,0.1016260162601626,0.15040650406504066,0.0013550135501355016,0.15311653116531165,0.13685636856368566
0.08575031525851197,0.15006305170239598,0.21437578814627994,0.10592686002522067,0.14754098360655735,0.0012610340479192938,0.15384615384615385,0.14123581336696092
0.09101941747572816,0.14805825242718446,0.21237864077669905,0.10558252427184464,0.14320388349514562,0.0012135922330097086,0.15655339805825244,0.14199029126213591
0.0922882427307206,0.1415929203539823,0.21744627054361568,0.10745891276864727,0.13653603034134007,0.0012642225031605564,0.1592920353982301,0.14412136536030346
0.09803921568627452,0.13848039215686275,0.22058823529411764,0.10294117647058824,0.13357843137254902,0.0012254901960784314,0.16176470588235295,0.14338235294117646
0.09737827715355804,0.13607990012484394,0.2259675405742821,0.10362047440699126,0.1348314606741573,0.0012484394506866415,0.1585518102372035,0.14232209737827714
0.09473684210526316,0.13026315789473686,0.2328947368421053,0.0986842105263158,0.13815789473684212,0.0013157894736842105,0.15789473684210525,0.14605263157894738
0.09908735332464146,0.1316818774445893,0.23468057366362452,0.09517601043024772,0.13689700130378096,0.001303780964797914,0.15645371577574968,0.14471968709256844
